ID,EBV,PEV
1,1.4256176433387426,4.418339343160013
2,3.2039509992102326,5.3022655212471115
3,1.063574322668417,6.015086191747421
4,6.560897218389398,5.566530380967307
5,-1.5037434787597255,4.831295132487291
6,-1.8687913910195784,5.404906257887409
7,3.061721952733682,5.137482888530106
8,0.6946063840500885,5.1516607838636315
9,-0.33397953300686944,4.215239203907284
10,-1.1858556266746154,5.290560778193245
11,0.8916967573650175,4.880189778276139
12,2.219120236087404,4.453448182016731
13,3.878595984830988,4.34069233746271
14,-1.025913131010125,6.006578546013094
15,2.048297315071912,4.944764592168293
16,1.0790630672034591,5.232327959934565
17,2.161478076968634,4.883596752665291
18,0.7172450035227059,5.607559547994011
19,-0.23449093821809022,4.464635119311637
20,-4.138701363942059,4.693101916714046
21,-6.609883774840629,4.771292720113058
22,-1.4103919478436369,4.868349750933948
23,0.060459653215497434,4.427636423559767
24,-4.102640938950127,4.814649853145254
25,3.8235828839445074,4.538604979792186
26,-3.4612122543587884,5.843620540865753
27,-0.17414956449808744,5.441190065915957
28,-1.0187581666702217,4.139540612591092
29,-1.1728077822164282,5.522077797788906
30,1.5313695599014365,4.78726628355442
31,-2.244418327835807,4.808101949215162
32,-4.584767708428507,5.456201977689125
33,0.6086173324994933,4.429045759616635
34,-0.4841847077166181,4.24986827762614
35,2.4505176020837385,5.286480986385027
36,-0.8323478054420651,4.474642024913641
37,2.939017529118024,5.195857669748692
38,-0.8087537187770478,5.073700838776564
39,-3.946063753650843,5.763378030516169
40,-5.52181877619608,4.88317971635751
41,-1.1543578077637011,5.336488838559387
42,-0.5589285752452814,4.948365256376383
43,-3.3258334716393043,5.201451600148639
44,3.8288158353219814,5.099263932898133
45,3.0990497769690313,5.965382599917152
46,0.12410222697776152,6.151218016343105
47,-0.023085263767635148,5.2117047263732035
48,-1.8086487083490042,5.574966466752831
49,3.043081028593743,5.851516931448311
50,-4.308861949773303,5.825162462757877
51,2.284698307400064,5.5946854568642985
52,1.608814377922234,4.744964143824358
53,-0.7353328081892199,5.306706065670276
54,-0.07576829034282834,5.731286087291396
55,2.8711432859456814,5.580860290719823
56,2.125219875475827,5.026872140949614
57,-0.8430915415815319,4.904638972003078
58,-3.9192031451293947,5.350795137869408
59,-1.0425954832756201,6.006909680827417
60,-0.2429555766366382,4.183298257984575
61,0.07642631213324642,4.371337753230697
62,0.7319494303852733,6.437201437578451
63,-4.482990095833219,5.731972786583315
64,2.9362422964848247,6.280796243368679
65,2.1141201306425073,5.78533600784929
66,0.1252713099187281,3.9805531116857162
67,-2.364096478384849,5.146626579914159
68,-2.246670455337651,5.052657531260959
69,0.9928390823435723,4.515630572096695
70,-2.9641049855322175,4.750446871768366
71,3.132169294744715,4.919359452406712
72,-0.6594090141241914,5.39079186933792
73,2.3209509259900263,5.430395650910464
74,1.6153943592122455,4.965832440533018
75,0.09153153078750266,5.6306980323870945
76,-0.8550354666353138,4.813266356989789
77,8.791762934263787,5.654189205451231
78,-3.1502491482392907,6.047396509787361
79,1.4004100262923063,5.762042792619096
80,1.0422819172480953,4.845024982023572
81,-0.4312324633785985,5.2359617689500855
82,3.534718430999321,5.1648722163350085
83,-1.1558038074467154,5.525276227545103
84,-2.090569862791579,4.746476345276437
85,-3.3930822563178875,5.270607203521198
86,-1.933394091146103,3.8442000590329557
87,1.2505101668323289,5.109220033525866
88,0.09135570186525432,4.465307215514514
89,-0.6729179344942108,4.5541471684167645
90,-0.8428854505393042,4.991287482422297
91,-1.3455732439353554,5.579756541181603
92,1.046086019610097,5.715954303482467
93,-0.6392093984679419,4.827696583008843
94,-3.7338849785309156,5.191651125853958
95,0.9706428730611962,5.117962245432353
96,4.1206443787626235,5.240887186522633
97,-0.40605662095414374,4.888702106807044
98,6.770627832086657,5.044388525601025
99,5.373599057753184,4.728955117284406
100,-1.27474254214275,5.303904321594297
101,1.8795696801528436,4.565495676704686
102,0.5565026665434042,4.088865973368836
103,-1.9586141652680908,4.79279752521381
104,-0.8890052601408809,4.803850999958383
105,4.694928025690351,5.142319763459895
106,-3.525688346431574,5.880545182479089
107,0.7181977095463465,5.0597205489568555
108,-5.226896208021649,6.378135345473679
109,4.18888187873679,5.158519596929431
110,-1.1707740725668851,4.9085870464417525
111,-3.988243544728558,5.72668360213311
112,3.2779186810815686,4.8184370300532064
113,0.9562945419677251,5.288505580647924
114,-0.3250722103493964,5.173675420706502
115,3.960613714545682,3.8768363744968033
116,-0.7375748635365652,4.9897761775116605
117,-0.7283745996847095,5.159063859436553
118,-2.4001765927888985,5.411617463806385
119,-2.589118305092985,4.443749595670493
120,-0.5640762575152198,5.121129230651466
121,0.030428687918427136,5.151155957239796
122,2.403497168493506,5.774773297699146
123,0.055015472127172386,5.598580664544742
124,5.978915534678398,5.463257507022426
125,0.4606487573802446,5.3478699735388595
126,-1.228848942013516,4.844243057410707
127,-3.6847916582196794,5.635378281665491
128,0.11246974408973466,5.180757525609924
129,-0.6323171481094227,4.540044484353229
130,-2.7208820667576514,5.953821538270479
131,-1.654807234127305,5.404521633084907
132,-0.09715432574679027,4.758185966533394
133,0.15575833602672037,5.382624000387066
134,3.5585707515643996,5.487409652010513
135,-2.699460144305027,4.022676763459814
136,-7.20524465959554,5.8440031549784965
137,-0.31394940293465196,5.237339771062581
138,-1.834851967066124,5.217818250967821
139,2.148913141214059,5.260857182416279
140,0.6676972725789437,4.453921749917538
141,-0.3360289975724633,5.416858768917994
142,0.4836290377271654,4.4990076455296055
143,-0.40888223522331174,5.051016172675373
144,-2.205141025734029,4.844485340255325
145,-3.4153192613723804,4.917227315062364
146,0.7081623695115303,4.953318405511653
147,2.2191129268625893,6.348045077065331
148,-0.8384315453101701,4.564464421659519
149,-0.9659585041534744,5.0472052893366595
150,-2.5058719845100703,6.203985822007459
151,0.3803131851066685,4.772216429486014
152,1.7516740977514953,5.81498388148928
153,4.38488838391359,5.338492158017895
154,-3.035510403367552,4.854557300430512
155,-1.0723896472290213,5.787723470361521
156,2.099416098528631,5.619995853668458
157,2.625523600335367,5.015507505667938
158,0.7573675543051599,4.714023286782598
159,3.6454685908268805,5.399468454553748
160,-3.159864248436083,4.570569053630747
161,3.559007559140616,5.2709512332618536
162,2.3476225768489063,5.332545112197336
163,2.6731549121482696,6.0191050792842935
164,3.1781471695178314,4.703977359269485
165,-3.35907060025332,5.294232731106049
166,-0.34662481121394245,4.606832887005235
167,-2.357970278677389,5.1694799626173165
168,-0.5509699714311398,4.011806536745696
169,-2.71143756374044,4.742551341308739
170,1.5513627260900782,5.552684890155028
171,3.680883363409442,5.128774200934483
172,-2.029876908632115,4.9901125028834405
173,5.574631304872608,5.121055080215654
174,3.065469517497164,5.225330346267796
175,-0.055737044397685814,4.624906853345211
176,2.555650651866627,5.379175641134845
177,0.9439247606715373,4.6403935080938075
178,1.94973011428532,4.9453481306812135
179,2.605154464658837,4.63290662708666
180,-2.641968343410181,5.799961965281991
181,-0.900445460216,5.694397806544664
182,-0.2508970713779958,4.810455301498274
183,-2.1038684885524415,4.467019921403971
184,4.85823657187957,5.544037165862486
185,-2.0713502667314607,3.8817505437226423
186,4.8098094347964935,5.5996549295370235
187,-5.355264061873801,5.347083979815523
188,4.700149478973192,4.477515738975903
189,-1.5255582520677378,4.257249364142101
190,1.8234875984113366,5.41193654722514
191,-0.9303424670547106,5.179842777327349
192,3.0717727412957188,4.906078363567269
193,-1.4188330810279377,5.249699750511502
194,-0.9657928554379186,4.805227459976709
195,-2.0882953705818585,5.011811820876392
196,-1.2110167266610032,4.777014316593904
197,-4.242708659184056,4.719303557586201
198,-1.70190289866242,4.950993548119891
199,1.1776640896315145,5.033293561973935
200,0.709955858601456,5.616222363143841
201,1.9735458229161587,5.865601032523233
202,-2.958402145419091,4.977112365710413
203,-1.7272935229916695,4.172154384315134
204,0.8295333550754033,5.285837776834787
205,0.3069566305943861,5.490709865493932
206,-2.4279928773815516,4.617907117879801
207,-1.1550880656035056,5.494173229699916
208,6.875260103094382,5.496955462032586
209,4.267693425065651,5.466154462706177
210,-3.7814081929944385,5.385796129305839
211,-1.8062959888650931,5.208425324299851
212,1.1942427209383526,5.2178283215427745
213,1.1447149092864948,4.366156745849994
214,-2.7773934120771036,5.80763383784952
215,-1.0499279583267511,5.419853293659671
216,-1.1069250782320006,5.550056912659875
217,4.9894292780000296,4.856257975015774
218,-2.232940735872705,5.374336871138716
219,-3.4553649007519267,4.8791751510958985
220,2.568806929813044,5.103489339849187
221,-1.4466966792325522,5.337237962103243
222,-1.7245195888726064,5.384634110352916
223,2.2927611853520844,4.651259770920798
224,0.7145945407268416,4.29102311862611
225,1.6495193577781928,5.997611419336259
226,-4.750191395317231,6.102146180286925
227,-0.7510915747171956,4.523479653805207
228,3.7770414459137056,4.665956765246091
229,-0.9289733694770652,4.458050374295705
230,-4.149263169111412,4.98294473924934
231,0.5751182561330868,4.649543369888579
232,-0.46548101923439694,5.141863244785932
233,-6.25147270764648,5.694480519486122
234,-5.158563611117185,5.096163532219019
235,1.5891007876033065,5.790013964821436
236,0.6397984653291862,4.718853796153801
237,2.5411427299526914,4.971686131400537
238,0.4307590289498733,5.490346534147468
239,2.106588935652944,5.27611695118461
240,6.021252691175614,5.446827736808798
241,-1.2751019801594943,4.438326907872513
242,3.0638200693101707,5.235352226679997
243,-3.274921914293564,5.164802378662713
244,-3.2256335585891183,5.35531339487151
245,1.18907544667387,4.584460271625799
246,0.32973650992927533,5.2653273484169665
247,4.275864019781942,4.860039415775302
248,-0.9357772354012899,4.450488874997699
249,-0.292085005748765,4.971108780330142
250,-0.8207035177263499,4.863658541715137
251,2.3825595330544074,5.659467374882857
252,-0.1593889337562513,4.912273463952516
253,3.6958880857411844,4.504491067862628
254,-5.678700723748291,5.011158948114494
255,2.305334108070105,4.531061014578765
256,0.8185198514355476,5.514064330064672
257,2.1753989280364396,5.41839590602819
258,3.2368816210259386,4.213721760680445
259,0.14928398723904443,5.228913254080694
260,0.7865911710953728,5.905095047671209
261,1.3716826192680585,5.61558723010219
262,-0.0941941092439375,4.533780976644479
263,4.787918964257409,5.365257239890771
264,-3.204089600098474,4.626115088141891
265,-4.680806049523391,5.860302790031398
266,0.9528905840206926,5.383567860713714
267,1.1223777625834208,5.119494453801833
268,0.98614730416295,6.0494977885402035
269,2.664741519935746,4.469254138904041
270,-2.704373838917921,5.530200416031122
271,1.4352075414754943,5.114709986355328
272,-3.626115669068439,5.455464206651161
273,4.8121344978938305,5.331725623012466
274,2.5022317547364916,4.796044921597928
275,-2.6579921857974855,5.806776108452208
276,1.003228468953581,5.231350268288092
277,3.985042842476925,5.506922175882217
278,1.4005410846885302,6.119486965435025
279,1.4432330182737496,3.9640893384215476
280,-0.5676699077721382,5.129269444696174
281,-0.13142049785668006,4.987704803053401
282,3.05535898647806,4.5758206693552985
283,-1.5513197914071992,4.789484537067071
284,-6.112108210833142,3.9387115923733633
285,4.485634872407457,5.628029938763347
286,-4.032484499302037,5.414626966567801
287,1.6141370013524345,5.613604678390786
288,0.37064259404687877,5.043871217409907
289,1.2232454676454836,4.150565825650333
290,2.367760532508011,5.297053080234626
291,-2.0850941284731976,4.523179071044268
292,2.99733455320124,4.271365829360471
293,-4.419112643324073,5.526078147609243
294,-0.8554299432134295,5.601627559423303
295,-3.557523037685495,5.958852735143898
296,1.8454302832117766,5.2628201895706495
297,3.448935383181508,5.7053774937777275
298,0.319535309704243,5.360117625094414
299,-0.7605630474797521,4.754934157825639
300,-1.4796139354976559,5.239824978863989
301,0.18047501252546205,5.939405077638501
302,-3.555598092914706,5.524733082501859
303,0.6646650397061288,5.077453669142205
304,-0.13429409129168038,5.149803070659516
305,2.618378024140344,4.607637220165829
306,-3.153538663873436,4.601969722797284
307,0.7428610721319302,4.913356149518953
308,-0.15269965076605507,4.79564177108978
309,-1.0195321685906515,5.171117367374699
310,-0.7438494764788379,5.775095270651867
311,-1.8772385156244082,4.93847056820682
312,-0.3918415438135698,5.343419345883188
313,-3.5630815771027122,4.44654703646237
314,-0.33722380846456523,4.310177560054773
315,2.060259306772813,3.8547623665736435
316,2.9533548967303833,4.13231131662166
317,-1.3340187132515267,5.213879076950578
318,-0.31216493154733765,4.935705150264383
319,4.505555630565195,4.590066463090187
320,0.9084582099662031,4.949994641189378
321,2.33511456052031,5.266328603045241
322,0.3509514726956845,5.4147464019694365
323,-2.1694901145676058,5.102759582424576
324,0.6843073837448753,5.449067055267274
325,-0.6616525356436379,4.098679229991272
326,-5.010248181713922,6.529803532036108
327,-1.8666910325314356,5.5413255403239905
328,-4.166504857093482,4.94137006443671
329,-1.1931731885378156,5.143983829454372
330,3.3177622295185376,5.528332056532045
331,-4.0576496617138496,4.067024943992688
332,-1.2793503652088518,5.360599107651
333,1.6753675539486081,4.545908895850586
334,-2.4089653902293504,5.335937838686912
335,0.1088881418380134,4.992280614253484
336,-1.7335464498415252,4.291570622790214
337,-3.1380101436426147,4.8264650947178875
338,-0.8206414236217463,5.1348159352734974
339,3.6445038358740365,4.617750814747552
340,-1.3164685286015796,4.43014788728832
341,-1.5434846510832818,5.438905767684573
342,-0.5609629753899469,5.638864347982902
343,-0.6723345452243823,5.0698824374344245
344,-3.2376938261836385,4.865185030310913
345,-3.4233981258906634,6.146430155816161
346,3.90485431836606,5.346956321946398
347,-3.1306432222559826,5.80224409019186
348,-0.5163893148511219,6.258190509183089
349,0.9722863793663619,4.319618236695591
350,-3.349400039761358,4.4015575429862075
351,-0.8195813959751093,4.204438837614173
352,0.9742886894671356,5.265814838615482
353,-2.7248121173057873,4.515833016702389
354,-2.1241566771389477,5.997321511861717
355,-1.8460010084349148,6.164873745306033
356,0.15586569960370805,4.669354187384698
357,-4.53806889149119,6.273039283159559
358,1.3652714976742548,5.418347886644835
359,-3.109115845042606,5.021785635209771
360,1.781798651323554,5.752905266445152
361,0.30351585229948247,5.200614298346679
362,2.0161741866601566,5.762396953958862
363,0.7853195833963392,6.3871263516909185
364,0.403011830699475,4.796941449894378
365,-4.106401979049004,6.55442651095504
366,0.48760206792942323,5.647294968825279
367,-1.5723606312186909,4.107548443770356
368,-0.5868942174399603,5.814751110288586
369,-8.627688183886253,4.65147613576627
370,-0.4865982209927806,4.6204478164013665
371,-0.359785863981082,5.209496033693616
372,-0.698767818295083,4.745770447080242
373,1.919732504770276,5.25760383148356
374,-3.8391211774624945,5.780831303364961
375,-4.1797940569582135,5.589033951628567
376,-2.1590145649208647,5.02257165200268
377,-3.7142217845541277,4.637375605707488
378,0.5238250585618772,4.968870081124422
379,2.1460990659147763,4.33271094732588
380,2.2254318488500746,5.505461607580761
381,2.2446212336483122,4.695644439034268
382,1.5236339783256285,4.951472944442933
383,-0.6678246029071007,4.380434637868523
384,2.1590505191745524,3.562942804460586
385,-1.2710826824163708,6.0886513880358075
386,-2.0824675786322855,5.042143181747409
387,-2.6086901287853976,5.9612628572433515
388,5.113402514139094,5.003744082606455
389,1.0506148528574846,5.156165495389142
390,-4.817219310210732,5.449483268531095
391,-2.1968265459616445,5.336090288969175
392,-2.436929117780088,4.67105245454049
393,-2.277920275535341,4.949990315786058
394,1.6946463383516912,5.342254096417544
395,1.142173558567747,4.968059979705132
396,1.4504879825586778,4.5368533865816
397,0.4394474491115867,4.595876445798208
398,-2.217092062045595,4.756498467575164
399,-2.6572540632790944,5.003439266450545
400,-2.462764831247638,4.443623985034088
401,0.3094193310701438,4.974912250228494
402,-3.022484999680073,4.366217612742764
403,-1.6401137295343977,4.469509880899382
404,-0.05952786199104328,4.698962069172016
405,-2.8683642961118974,5.026426555479127
406,-5.394488436237458,4.583535111765474
407,0.08866814762347211,4.550326938251582
408,5.459627104895233,5.714617298113037
409,0.3513970003559858,6.349360043716189
410,3.952574528992588,5.457091732406252
411,3.9358202306984413,4.683053835613406
412,-0.004421943854184251,6.112680221263405
413,-2.7032705014162377,5.433420125216864
414,-3.403310615340439,5.246133157287327
415,6.352804019660498,4.786850510501392
416,-0.22109936212622133,5.052315663711067
417,-1.7208013173355756,4.696779290737677
418,2.049709345794812,4.810339924750513
419,-0.5955886644929228,5.05731714550756
420,0.6483182736503849,5.151928732054363
421,2.613891326185928,4.936223263261684
422,-2.881553498843846,5.727938860059126
423,0.04315346597740608,4.757210953503395
424,0.042900726509746454,4.746412813730205
425,1.0265522108241452,5.48801871138378
426,-1.1899688405377187,4.977336112634181
427,2.6845661539743,5.623940162554051
428,-0.2917297234307168,4.289863554933694
429,-0.7055297977507882,4.865623850450206
430,-1.047124980099627,4.32590864245297
431,-0.29259429115642427,4.484025059279604
432,2.7137245339674068,5.138913502892385
433,0.17412018937491677,5.372471391943108
434,3.464898783235934,5.5160713942445225
435,-1.669281191340582,5.232169383421922
436,-1.4966910788541992,4.934339698585266
437,-2.43008467283967,5.302671357618033
438,1.8730712036854866,4.791812066177129
439,2.6406057204367497,5.073702253522898
440,0.31244615868722414,4.552321705653585
441,-0.3461732480702959,5.017259873597087
442,-4.413461514610621,5.011205574812704
443,0.9084124297268347,5.726130040406114
444,-2.400156834129386,5.66120095608383
445,-2.1310952463657546,5.58614087219432
446,1.6902602747160775,5.652780830812673
447,2.198196313586584,4.870852730368544
448,3.2177496300766317,4.518734809953462
449,-4.091213468343203,5.14766684979116
450,2.87558711928176,4.946200805109187
451,-2.1074922881148885,6.133440508973036
452,0.922175285165602,5.244247686731428
453,0.04861809651794116,4.484903484827392
454,3.425577850405308,5.267598441044713
455,-1.5418795985287594,4.578183902133139
456,-0.4568882172509611,5.401432075574739
457,-0.6741120752125902,5.594877369329437
458,3.3363768247112273,4.818525182392194
459,-0.408249827327214,5.1425828667200895
460,2.0653742669323116,5.4721976184121965
461,-2.330389716152023,5.804950571922872
462,5.587759090774289,4.412176842388815
463,0.9851339535385891,5.514629690793892
464,-1.5801852145686142,4.845700674464863
465,2.3566810824701814,5.517855486839997
466,-2.1390528877604034,5.242159563682731
467,3.2265487634160843,4.923870858212087
468,0.39197430420721263,5.502684285578006
469,1.3674080496257561,4.116886548767567
470,-5.025234766134304,4.1042992412543775
471,0.3686502315892978,5.54630194127104
472,-1.424902488330324,4.342445666761368
473,-1.8023257043670926,5.195237583673617
474,-0.9702532076804943,6.31639954281854
475,3.3871404853203058,6.4596577965760655
476,-1.882072149562076,5.051938463185642
477,0.3604730433808126,4.124025802682821
478,-1.7752755854601265,4.356628047505064
479,-4.767867263592707,5.06261621491146
480,-5.292518098380531,4.991520385986237
481,-1.5915759106654526,4.595900896438087
482,1.053905323590567,4.8194513010324105
483,-0.9220103423330012,5.790425040395924
484,-0.6648656583319562,6.0689832857150625
485,2.6068808384962225,5.361162297725678
486,1.4536069497684743,4.964255758833118
487,2.546104806305212,5.293292802176225
488,-5.770674644326052,4.964732929266826
489,2.038662344323962,4.492016862226118
490,5.326593717396504,5.667249726189781
491,1.6611344959058232,5.198052230396583
492,-0.3727834523515867,4.866984168615481
493,-4.09452757871443,5.13948095937713
494,4.595679933405988,5.134329106912929
495,1.577018593252813,4.654706056055784
496,-2.1608573883700095,4.8032656924622295
497,0.0010862978144546161,5.346084746442158
498,-0.024059803322713975,5.179766949809864
499,-0.925434106481,5.081582849383713
500,-1.9246918518583702,5.646484652890821
501,-3.5439652905464967,5.156530984320443
502,-1.1235398067587155,5.53703574103295
503,-0.8525293389333125,5.402337694781036
504,0.3186583074194265,4.231782561136557
505,5.06530793617223,4.681717047190125
506,-4.009838729958048,5.056533904157442
507,-1.5790325591550647,5.575020617089726
508,-2.145723797995081,5.00054259294213
509,6.130549019444486,4.492646269388332
510,-0.08729862134685482,4.597637173566118
511,-2.2950693449719926,4.4845687936304355
512,-1.0909378179839317,5.297216932527519
513,2.201655236618762,5.043951150195068
514,1.2700488107558836,5.137500779373108
515,1.3779024128261848,5.28834971771325
516,-0.013506203032904928,4.785775528685983
517,0.8304315293309754,4.936710996264892
518,3.380573452434803,4.612644507526134
519,3.4644794768200655,5.369468482493416
520,-3.314136732085529,4.848002788780012
521,-4.926576653521142,4.628914331189583
522,-0.4036578018390944,4.860580080649551
523,1.993515107990579,5.372505377634359
524,0.8005176037696938,4.432187419931892
525,1.8564312012287252,4.984321755791401
526,-2.291895274576755,5.586489599126112
527,-3.5420081844496023,4.237301473498284
528,-0.08533924147145784,5.020357128566076
529,-1.7266530887870337,4.95069506922429
530,6.097949978178741,5.355921747838048
531,-3.4854953083373497,4.668593569434223
532,-2.2234293023669403,5.084590248003938
533,-2.4471677348011927,4.825681647082038
534,-2.12054227164175,4.969866294714039
535,4.445636814072778,6.185091924017124
536,-4.67198030590477,4.967912541675129
537,4.640714712300345,5.114754230540215
538,-3.8700950075395073,5.679367967378075
539,2.3846201253022348,5.716306127965875
540,-2.8969519578640655,5.270572158072141
541,1.6709268185211237,5.838261412298511
542,-6.7170083820044155,5.176716557820271
543,2.2506602398686297,5.304380334829776
544,-1.9162781218239453,5.058003362500042
545,-0.8029874646053081,5.294701519730796
546,3.1847766122349856,4.215984089135907
547,1.5253476470481424,4.91606357068704
548,-1.1765861877991284,5.50167219288002
549,-1.0264499866886523,4.865902373649767
550,0.5154683481718335,5.085350809336593
551,3.9486660582060753,4.90994466473015
552,-4.318925063983829,5.58960480636724
553,-4.237199801494137,4.665853860281837
554,-3.773409513221998,4.65214307448034
555,0.7068653663458322,5.635908667135402
556,0.295119935804506,4.444622957671973
557,3.2612062161437594,4.04112393880743
558,2.6692673565877856,4.35955868087424
559,-1.8267425513754818,4.914896885427727
560,1.1757000343081299,4.05234845311418
561,-4.185575108058338,5.069863716104343
562,0.5235478937330613,5.337879388974937
563,-1.2409489796767987,4.85648733046308
564,-0.8243107995882354,6.913838342411046
565,-2.2357699893931695,3.907198083124279
566,1.3971593506451998,4.611597828590404
567,-0.3003026680728278,5.026885299625246
568,2.981212457554962,5.0901205504561755
569,-2.738545196561843,4.307315724207823
570,-1.8770287901313132,5.045393233136565
571,-4.9236672463421405,6.070856434894728
572,1.1574426931792443,5.372915351876108
573,-2.8184372021692212,5.665759220502304
574,2.941301181239228,4.768782213802706
575,1.9310141285285076,4.821486971160632
576,2.6836799993191542,4.653034776857812
577,-0.6886636278017577,4.918892122225242
578,1.535410568020063,5.155114741302289
579,-2.6410937002168686,5.4105378091507434
580,-2.7783497860769235,4.756937613073239
581,8.571555737695723,4.295710598657248
582,4.190191428953392,6.314128600033463
583,2.3330967181022877,5.7663800072028595
584,0.8947717062347882,4.8300633775434925
585,1.507017135817385,4.602531461705813
586,-2.5975076182868153,4.646181725268006
587,4.82449907469521,5.246488718516841
588,-0.018217846982192625,4.626473076457397
589,-2.0514638306235646,5.7304790918582835
590,2.478418529741501,5.392372294494249
591,-1.457392185833256,6.037308131843087
592,0.3516324970446489,5.999227006304318
593,1.3898291676882801,4.6145547778714775
594,0.4731333820651954,5.103628853078141
595,-1.934078413805985,5.186871330924175
596,0.8480827306630913,4.769031594101113
597,0.2683671945518849,4.251355866378207
598,0.7129961520023637,4.562250959320252
599,4.399777919467244,5.1746986956764065
600,-3.0292714145286608,4.450553220992906
601,2.611665297720459,4.707812342499904
602,-0.35055502006190964,5.342529781406112
603,1.243855502531151,4.729345359448651
604,-0.9303853508001279,5.946240156943314
605,0.42940797660638874,5.7710855222474
606,-6.3948980998239655,5.627486983659739
607,0.16362221953730807,5.119421669344934
608,-2.348347874863988,5.4669048501699145
609,3.629560635895003,4.556231850512715
610,-0.5876272669274659,4.6713690764232805
611,0.9419939697668974,6.471370858175751
612,-4.634787390152034,5.076811811484871
613,-3.227688052768249,4.888034473576883
614,-4.585425704093838,4.12756609309933
615,3.7520626009390226,5.4158093061518064
616,-0.3255757338429615,4.919663461135481
617,2.55224633592169,4.999437459669021
618,-1.2963798849816275,4.939208904111931
619,0.44023237153952666,5.256449388523267
620,-3.091937966390626,4.919697997460145
621,0.4873305804807308,5.049622519890348
622,-1.0701275099824168,4.0885576912297745
623,0.9649136801121323,4.742046948754588
624,2.2570251746892,5.428683056911093
625,-1.9499918601050499,5.125202635377598
626,2.336071640515473,4.562921974291561
627,-4.22839605378399,4.715259356967368
628,4.568884569276089,6.794995661270583
629,-0.8192859354607003,5.422229547959863
630,1.4044727321536346,4.638667933300938
631,-0.38278655017118046,4.987057675238863
632,-4.184392313467888,4.539658658886341
633,2.453024468598894,4.653210971004418
634,1.5508442437208732,5.29936168921974
635,-1.7202760941109694,4.937772941003678
636,1.362380969116975,4.598874263022512
637,2.6519869768700954,6.39477827193965
638,-3.3411912368995593,5.012744693822179
639,-1.2317910790285647,4.9228416072996986
640,-2.4633605963031364,4.290796685315461
641,0.798524575298087,4.766717423107543
642,2.0359211490988063,5.08359666456903
643,-0.01804250225938492,4.757341845104516
644,2.2307756100566802,5.325255091448169
645,-1.3076705525308343,5.7205849652153
646,2.4466973366369418,5.025397525702217
647,1.3030661091560831,5.466830556600396
648,-3.0111804501870494,4.60215552416643
649,-0.12917588811489253,5.51229392519933
650,0.3037558164585984,4.16116563932572
651,0.8964879922103912,5.049955369435657
652,-7.082132315150437,5.292905234945615
653,1.5478649356722567,5.172404537901485
654,3.4363296726120183,5.799055292462188
655,-1.711353160435234,5.432244664529537
656,6.904785694519168,5.084292133848116
657,0.3272812291004466,6.251739819961752
658,3.2381808409015505,5.221362267964128
659,1.1640374610262627,5.373615797834542
660,3.690115775018654,5.024303748170796
661,-0.6212671961765556,4.455447545663739
662,-2.0282456719096342,4.366094235859384
663,1.305499784750075,4.67127581339435
664,2.2997656037795453,5.970602767196637
665,3.16736304382251,4.784855946046186
666,4.953644464802302,5.054916941653613
667,0.8634438461923725,4.475183387945197
668,-5.578707914343125,4.998340522796294
669,-3.9110321229813496,5.270875826267215
670,0.08989884708410499,5.185729687376479
671,1.9335272692711951,5.550434446076208
672,0.8853972542194897,6.306132078513054
673,-2.1614772249371557,5.014046199485394
674,2.586770471070905,5.088087608618779
675,-0.3275179796473253,4.458692220505933
676,-2.5493665451209493,4.737391933168003
677,1.5883597420635711,5.56962130300554
678,1.5053703641005793,4.612194187542268
679,-5.387668282199869,6.302828235772444
680,-0.5371227617483578,5.961933627522694
681,-2.2220227630781,4.631918550833495
682,0.4656865072227275,4.793119215429941
683,4.002559419240427,4.683683598479333
684,0.09304419559970845,4.174684617650325
685,2.8978045464695614,5.404952929101076
686,2.246953698211597,4.86503717350568
687,3.0404430912616784,5.188617778375517
688,3.248098489450001,4.425341535834406
689,-1.8293121644965091,5.013069805956794
690,-0.637941317049252,5.545603231154578
691,-1.3388315981574568,5.596085543161481
692,1.9717201195844263,4.70105124145037
693,-0.4055722509042401,5.099519140098587
694,-0.8712827024022729,4.843756108303827
695,-3.737857573473423,4.855151307964161
696,2.7848554952986615,5.62248601922652
697,-2.0970061934417545,4.703502012504154
698,-3.8547957639852144,4.964805241550789
699,0.10867027652983209,5.053802182376138
700,-0.18802924636104315,4.727070820348091
701,2.909587681006955,5.762331315242372
702,1.6833300058057612,5.171195981884361
703,-0.7886927148799969,4.269841608909758
704,0.5529443507455668,5.687235308470951
705,-3.301760438110342,4.858995147190256
706,0.2708860399185427,4.7935920279539355
707,-5.171776307015586,6.155914771555419
708,1.1850215057410751,5.251586169949217
709,-0.21850721690001243,3.815395125315674
710,-1.870799561567551,4.388252211463735
711,-1.4118350147042966,4.943963296999012
712,-6.190880803649731,5.051022363306863
713,-3.2621979239150902,4.937554297508736
714,-3.1953240039043473,4.919719158182977
715,2.4014073444357416,5.14532248905833
716,-1.3887319081862664,6.6422166683830355
717,0.32235669084153595,5.787847711097602
718,0.21672453626919047,5.135703064905278
719,3.4526515141501806,4.317206839446506
720,1.4410111228150064,5.864370734619475
721,-1.1484239734131965,4.9111934662615155
722,1.113071801520214,5.286404642321275
723,5.986335601613862,4.728892205706104
724,-2.261106653662549,4.912209253890054
725,2.6209923284021017,5.402545195612563
726,0.18788883839983542,5.642291484889726
727,-0.17720431768062472,5.230898836409088
728,-0.11141074551764012,4.275920718010921
729,-3.8129099178406913,3.998256738160753
730,1.1597422476394685,4.812216165853358
731,-0.10791226004049644,4.320772915869354
732,-2.163050210632379,5.918880601585835
733,-1.2355582012299702,4.277057330874359
734,-0.019095199623214366,4.848019185160985
735,0.19459335400026795,4.187484228128051
736,0.1092507760182361,4.843512813934332
737,3.118679708943706,4.502314180314171
738,-1.2916824731185783,5.308671755816495
739,-0.8357486512203748,4.767710442989558
740,-0.4589055792047946,5.225407930450552
741,-0.5208581447810718,3.8745469341950307
742,2.3504344011488816,5.0819846474844494
743,-1.2011631757913235,5.308790227845765
744,-5.378389373226364,5.347477628935359
745,1.7919998834624302,4.420632001392543
746,-2.0848662067364474,5.640171691931318
747,0.7506554963576119,5.460272136845647
748,-0.39013532048380484,5.069078057384653
749,-1.0150440887374155,5.150544488352008
750,8.950309147789708,5.554672253075288
751,6.4873542343071975,6.718602516427381
752,-0.4838804327812812,5.670006531342878
753,-2.2568256065189995,5.158768707785105
754,-0.06641241408543685,4.655864847099223
755,3.7915495851872163,5.990610737401079
756,-2.0385370658107216,5.3268399305798
757,-0.47141687686436484,5.510694105956484
758,-0.9616770005082821,3.919838388137795
759,-0.48246164265132196,5.321257102815396
760,4.295586515132877,4.555475679910082
761,0.21042885104769743,4.595566735782783
762,-5.454933714816092,5.184997157446492
763,-0.7407671534350054,4.734571852766566
764,-1.1279479695703403,6.222493965824282
765,0.289934666208738,4.127501668142159
766,0.74830659362373,4.382328648969388
767,-0.6161477790611457,4.877373847824866
768,-0.16935153692675683,5.08384788798766
769,-1.3945476511685222,4.666122241371173
770,2.223325148351808,5.431264447732273
771,3.2792379720124765,7.017737876782971
772,-3.4799267493615185,4.7347815351003195
773,-0.011979725347692588,5.285033404054923
774,1.9182938400823621,4.721416321293024
775,-3.1985769181644135,4.035038643899515
776,-2.8919566396563616,4.535756892735119
777,1.8482910090223859,5.004595684878701
778,3.1534217241833047,4.640877222324072
779,-3.1576618980798847,4.389728950100849
780,-2.665945320710426,4.82113144103401
781,2.6101155450649007,4.556306150826588
782,0.8950342636835429,5.005060009331476
783,1.933792202070702,5.048119112025855
784,3.3677132066051727,5.048833079520655
785,1.1898573505092338,6.0030829577489575
786,-1.6491257224415115,5.160064425483178
787,3.6060089709363026,5.361056563906692
788,3.008750477834639,6.074227092530719
789,-1.7301165001928156,5.382267042346921
790,0.7932224792153836,5.111722465430612
791,-0.21029682620611723,4.736556630461651
792,0.8589330340964407,5.025607055706637
793,1.3862283008467486,5.165949312067344
794,1.3847804741091054,5.781276656751912
795,0.26440797832420304,4.799930736767937
796,2.8448013692876013,4.682746336017063
797,1.039617002446148,4.654083238173809
798,-1.7076217145220287,4.716577298473045
799,-1.8454992517238036,5.331123521046786
800,0.3254075825997214,4.768551476012829
801,-2.808484883223176,6.492706194349694
802,2.25216262023124,4.985186035913514
803,-1.7571635557473326,4.40217271725884
804,1.970665873598523,4.409375466236799
805,-5.897660712554759,5.303964528805759
806,-0.24361444507061641,4.756594139065207
807,1.0589747209143596,5.624136421218179
808,-5.607361164112137,4.0752840417383425
809,-0.32759266186005465,5.333884055540024
810,0.2516744892866844,5.084880411186755
811,-1.5756522049716488,5.716946469682555
812,1.3193162893318064,5.890031841161044
813,1.0509410560278387,3.3928932735190758
814,0.9444686714082903,5.001170384818903
815,1.2349639421632816,5.348924331002436
816,-1.22623245050726,4.581383212582014
817,0.26889480915910485,5.7307608486203705
818,3.3592390337751876,5.414346889728551
819,-3.494054253298701,5.099278887655076
820,3.454633874445782,4.680453634773589
821,-1.1954936384020856,4.203249376756728
822,2.2452755519871053,5.31535760836451
823,-0.029057487355191897,5.770515750029255
824,-4.817802122893188,5.714583358141292
825,2.646778964476593,4.774453818458424
826,2.1895495500273565,5.457774532519107
827,1.573974697384477,4.913761851028926
828,-2.624530510386675,5.688760421514007
829,2.5197157971174704,5.329549666508272
830,-2.7371561498893797,4.833999250599433
831,-1.5920757567555175,5.554389641265034
832,0.45104325754111263,5.523310996274121
833,-2.0061920574240975,5.110157228953034
834,-0.8557807905183266,4.316819583608167
835,3.3248018014339547,5.1684814221769395
836,3.776097969408294,5.814116854691007
837,4.149397209432273,5.813860939234805
838,1.652983634306192,5.565146852583082
839,0.2863470632105274,5.688453515059665
840,0.5586507869742544,4.636035021197913
841,5.29218387596603,5.813891063725461
842,-5.239654521771849,5.886757998695923
843,3.0502614423175367,3.977845085682268
844,-0.653890730386288,4.125124754663821
845,-3.6507000652217214,6.379571816624575
846,2.489989179516514,4.582092109013398
847,-1.149483157310439,5.4745742123680055
848,-4.204073745571746,4.563532044224527
849,1.7687804528778008,4.8404017526656276
850,-2.988218762355949,4.5288523695155325
851,5.497115636957399,5.568054697703798
852,-1.0437957742684674,4.398697687673799
853,0.7209128703016504,4.772563040283221
854,0.037869879642088204,4.2719814789648405
855,-2.586333561361105,5.774795496202605
856,-0.11322477228445157,5.177470564193249
857,0.5970165623610378,5.094114755996098
858,-2.8464284824128696,5.285862229881694
859,1.8181389285894265,4.245612516422308
860,-4.446842554230184,4.346996995838613
861,-0.6622068628451219,5.575589488179738
862,6.185878063005181,5.877136980824669
863,-2.831326593829689,5.847492087263209
864,-1.6084132138205556,5.618817340906878
865,0.3653501054909781,4.779729994825023
866,2.7583385371154816,4.709055659750851
867,5.415038697098894,5.004262574683525
868,-0.08565428332309748,4.185225753709647
869,-1.0617477269075133,5.0736130304294385
870,1.1477130970149934,4.996994635125969
871,-4.756240597004305,4.348871248133835
872,-2.139258873675429,5.441603380596548
873,1.9086654800645793,5.3527684897650705
874,3.0273213262227885,5.185825674795399
875,-0.7438455757615516,4.77250751050242
876,-0.2701603160014194,5.368456273332326
877,3.6529671844857727,5.084095418436837
878,2.7947479652609286,5.036757862828812
879,-2.180172498290467,5.2432820530824085
880,0.10654678030672328,5.223436102612764
881,-3.5298442427202215,5.123587578368295
882,3.2206303652763255,5.218145428654868
883,1.8407764162599913,4.985061770204175
884,-2.117673963201153,5.8227383739083605
885,-5.720703640047429,5.026627540017384
886,-0.7260377249731784,6.633249547858645
887,2.446250308954514,4.526767087573665
888,-1.7455239540787786,4.3847221823545715
889,2.984697912362988,4.6403355144865515
890,-1.4523448323104335,4.498997207996176
891,-1.6206131586330481,4.496599343719851
892,-0.5254964106596545,4.512581554481221
893,2.9086126345114094,4.991577079639005
894,-4.248832654857955,4.491824371196064
895,1.6796246041095784,5.225200398133134
896,-2.127634734128029,4.584032850577748
897,0.04290398579579632,4.231361610370738
898,3.3054300572213653,4.904631079521103
899,-3.432619359056676,4.55930124866175
900,2.3345465698716383,4.200748805751585
901,-1.052565587249546,4.46378317625927
902,-1.8981806685730844,5.297412211752842
903,-4.485077696683855,4.685930399065408
904,-1.680952655041578,5.134587339451118
905,-3.511184978161612,4.82593293841253
906,2.6339130398312913,5.335410293798663
907,-1.5232854169644618,5.120466000500516
908,-2.4817728625319364,5.823257312774197
909,1.5776723552191612,5.360337786497309
910,1.3458543601699504,5.134549442051486
911,-7.878901043187601,5.602889019651606
912,-0.13103456146664053,4.780170899021611
913,-3.9362853956103763,4.514516638746837
914,0.059839327735047694,4.792720928821724
915,2.2605602220734435,4.544442489753884
916,2.726756991762763,5.81652333163164
917,2.290668746872282,5.255730155539835
918,-4.596627215064918,4.785965545635279
919,-0.07210638132647404,5.464013015466972
920,4.514165244900193,4.802409542117783
921,-0.06369548547828925,5.509715636866067
922,2.587092617897818,4.642337082918522
923,-1.2116014365159977,5.7025514410010345
924,0.9195613787784593,4.336111015826853
925,0.4569379864932172,5.094070825863724
926,2.528689257586371,5.694862404628277
927,-0.6405510451002211,4.778910305621427
928,-4.1322941876784505,5.327061912701085
929,-5.248262738657478,4.559946582849276
930,4.375707811320647,4.637483562650778
931,3.4062730085290167,5.378218060005688
932,0.8367399813030145,4.440544473083243
933,0.4503670240584533,4.837626562732004
934,-0.6165950256457436,4.630777816771554
935,1.446572507949662,5.095598748064727
936,-1.4948397758568817,4.35661848718071
937,4.579396793092861,5.344240166609904
938,-5.077621700464127,4.757138230258074
939,1.68493153900283,5.066255243282541
940,4.0183132098327174,4.816793869880963
941,-2.1324253351575115,6.170102977731213
942,0.8408098223044931,4.995938349495252
943,-3.001050254799342,4.68275947492635
944,-1.2883336127914022,4.850684968601306
945,3.1157350746580574,4.417082134960651
946,5.809876801695783,5.047550053736546
947,-0.2350073463221962,5.3084988080919695
948,-2.3356024164837508,5.059301510164721
949,3.4628984394408118,5.508269184042811
950,-4.47349027168533,6.062912886613038
951,0.7123850463727199,4.918496855892753
952,-0.005142838616219757,5.989097939464542
953,1.9873678471218275,4.955772365751829
954,-1.2805140153662977,4.501861224496772
955,0.736436164106383,4.656891454617895
956,8.793193722173896,5.780933835730374
957,-2.2987992030789037,4.925161352692809
958,0.468727358966337,5.501810616283495
959,2.1532372628910568,4.796224685380583
960,1.8768122134902294,5.863967287383839
961,3.4430254468490795,5.674513405261194
962,-0.8223265235661981,5.472472493367265
963,3.880092181422557,5.48450190655983
964,-0.7924035245869164,6.468192051847952
965,3.4772773677828916,5.325272144125797
966,-1.3816022192738255,4.898640897985194
967,-3.7576192452806887,4.7754088364295395
968,0.15578702754203522,5.030354996154121
969,0.2265786882408384,4.769083829215232
970,-2.4091065183842013,5.697699520759133
971,3.5171439065045926,4.922069292473759
972,-2.3675762582518347,5.962749352145227
973,-2.1923029973184054,4.971920970385683
974,1.1265123565027557,4.8244558559383295
975,-1.6998493783988182,3.9494653808573963
976,3.2298951693183824,5.014313917551156
977,2.127447151474372,5.124976101793499
978,5.410712665393103,5.890468834158469
979,1.180237017837958,4.003117139039532
980,1.3579181583645559,5.407986889929893
981,-1.8848125304131733,4.678642560313116
982,-2.4048750649527006,4.707064496909975
983,-1.6694975644720504,4.926125670083182
984,1.337763354023029,5.125221658571087
985,1.7123366961819262,4.965603130425742
986,2.7178440567381172,4.935833915362081
987,-0.054890523452067276,4.358112516721961
988,4.180076882743047,4.4827773207376085
989,-0.042862074654703,5.66797063391924
990,4.2579633132728825,5.565500199302018
991,-1.344054393835031,4.56980038145672
992,4.509766311779726,5.294435562416279
993,1.5329952423582716,4.915270797638048
994,-3.771291529648449,4.773722639076563
995,0.39274022891175714,4.805086441874127
996,0.24102791630529535,4.404407857143155
997,-2.894513215849506,5.85701237988447
998,3.8026979499978864,5.454944881176746
999,-0.8830974286083237,4.765630168946472
1000,-0.28109744410324694,4.238686843296192
1001,-1.195655330798481,3.5624795468358257
1002,0.8973933387139689,3.6281625346115662
1003,-3.605840501139434,3.3479527919695733
1004,-0.2760455224647043,3.726322787298254
1005,-0.3604673673058337,3.864678095878358
1006,-2.4963845570494514,3.927844224956181
1007,4.0421545800471295,3.3945520041007575
1008,-0.9660783454307501,3.008964753741233
1009,-2.0862532726281517,4.0540865968911195
1010,2.087695967551147,3.424589285192397
1011,6.648034304098898,3.974659010543594
1012,0.1541691621788444,3.630730450773112
1013,-0.6936041941475073,3.6999371371304988
1014,1.5712199241859812,3.6616502632464996
1015,3.4541103155933865,3.8803357313754936
1016,6.52764904436151,3.503007260969301
1017,-1.0869515951915312,3.3242081442804627
1018,4.328242566118827,4.481863381814984
1019,-1.1267410334828927,3.1962881197318707
1020,2.631211460134157,3.1814397820144587
1021,4.015506925673587,3.9529864698529535
1022,-1.1472538069754807,3.4041461475017485
1023,-2.657102139707796,3.9136015252642213
1024,3.880654363862325,3.4983308688780945
1025,-5.385400278344061,3.073531798253009
1026,0.46378630745698285,3.4605582312858822
1027,-0.2691878297981234,3.8777123103559816
1028,-0.21160742761835571,3.2049129620611425
1029,-0.6858444654599922,4.067298036111859
1030,1.9320460856277029,3.1603797278214283
1031,-2.253727415973254,3.7546863948105225
1032,5.409171583816465,3.507099735285804
1033,1.1776364369893302,3.971287136825443
1034,2.7403430191408473,3.328661603488004
1035,1.3489102328369065,3.693668757360246
1036,-2.8704600832085863,3.05988758836353
1037,-4.586695664003246,3.5197394490905864
1038,-5.987860155844629,3.8955728856403278
1039,-4.015362613892563,3.8027083212167057
1040,1.033184229260493,4.303388345993994
1041,-2.8523209073808244,3.6874989830087856
1042,2.850914582943925,3.255333155088779
1043,-0.422976144352616,2.905255875578057
1044,4.858831470467082,3.874384088122594
1045,1.568005536022494,3.310549127822632
1046,0.4808156670590814,3.5897851268000345
1047,0.23123084416040438,3.4296859725405606
1048,-1.301576631745014,3.7038462601769675
1049,-3.03179886964254,3.4953377356672783
1050,-1.7458412159682937,3.3396667509361753
1051,2.5613647249785867,3.3911977760733976
1052,1.8455574556575118,3.6294624008262795
1053,-0.15267142968263273,3.622064306982427
1054,-6.736804336234695,3.4070826452346847
1055,1.8755729179344838,3.1159944003089732
1056,2.8951045025543336,4.33871299358217
1057,3.2344725895036297,3.895903649993702
1058,1.2530381292003208,3.7076603295506865
1059,3.7260623305041713,4.22541319010228
1060,1.9352049340795272,3.5542677523272963
1061,1.1532712747126868,3.751155883351429
1062,-4.266116580216686,3.6818665695184456
1063,0.7799015062897017,3.868620208766169
1064,-1.2962163337889934,3.4656493032433517
1065,1.118302655230428,4.1338266900551375
1066,0.3769159649010909,4.2076204991598525
1067,-4.671683396460381,3.7335134387835818
1068,-2.767037742648861,3.4993946043554787
1069,-0.6713281234080511,4.1014864490146845
1070,-0.30000516595758275,3.9428543779424117
1071,2.971937679246389,3.2421513792235874
1072,-0.5127227103494347,4.0178095916294225
1073,3.6381082193152157,4.142683638013876
1074,-4.570541565455251,4.048429799872033
1075,1.5472826094106786,3.4004778677549528
1076,-0.7591033060385285,3.1351400186401475
1077,5.434408039779741,3.203238394233359
1078,-3.579023351501929,3.776224610569155
1079,3.1198472104219923,3.80496517406474
1080,-1.2238809528922587,3.6843700257759306
1081,0.40260878165653596,3.1858304702095337
1082,-2.111715930990407,3.3567218939656027
1083,6.434295635926053,4.2339296422546076
1084,0.576885555114481,3.101162897932966
1085,0.09287476603710627,3.7405496452502187
1086,-0.5513589889711387,3.872414621460759
1087,2.4844680561344687,3.8374482268945216
1088,-8.76420144624318,4.32816851450296
1089,-5.743385394279795,3.484377377247077
1090,1.7883572835562893,4.114933196018545
1091,-0.2435418639393956,4.126947605206932
1092,-4.200553741786063,3.8458540808984933
1093,0.00807909918597761,3.3798999922529376
1094,-2.482828487236034,3.6610635375108083
1095,-7.450218867475556,3.312349520184456
1096,-0.5841066799510168,3.9211638357908685
1097,2.316837513618958,3.435359366179582
1098,4.8281706416344505,3.8804755203916503
1099,4.183616329725556,3.6523660206581714
1100,0.8198925852569038,3.0288846076695473
1101,0.6423566961012256,3.8257051286373502
1102,-5.494525452544481,3.9080226366501023
1103,2.1058131790685297,3.8474082641429312
1104,4.2441513625802605,3.670620159606595
1105,-1.759985443830763,3.770998869338371
1106,6.759501314108604,3.701351579448324
1107,1.0190897809787052,3.5121316957812985
1108,-1.6988840441166944,3.087963968622835
1109,-3.96406050778525,3.7821449616481035
1110,1.9895409049359816,4.0660069706949145
1111,0.7497326331233548,4.002225895982425
1112,-1.6550873596443767,3.4933128053869633
1113,1.7224819905419055,3.928514654941183
1114,2.334329934235951,4.199003227820283
1115,3.005838256803744,3.156024262162557
1116,-2.4121598268539435,3.4934831570133604
1117,-2.075800439334835,3.4149755977579885
1118,1.314559577509921,3.6360030558899488
1119,-1.3139077555606613,3.741751319966303
1120,0.14648011792997012,3.773844830344344
1121,-3.4784878927854526,4.15947180429066
1122,-1.6662042103927102,3.3688534485636583
1123,-3.7463340277815997,3.4891633449014274
1124,-3.4538636941504706,3.817696004528363
1125,7.652456259182112,4.279016499210181
1126,-2.422081292969618,3.470134391125124
1127,-2.9927608263541616,3.7327945990231286
1128,1.6490026004476868,3.631448722562419
1129,4.362092709852664,3.6082431477896186
1130,7.6254478649964685,3.764530056632424
1131,0.7139469368982656,3.7820046266039395
1132,1.610391407348896,3.4823115448377977
1133,1.4672151375100653,3.3564596386306444
1134,1.9293688560562787,3.407449523492327
1135,-2.6508015348763156,3.5106648113768486
1136,3.5629097307401625,3.8815425831770187
1137,2.917610554501844,3.2763887253866684
1138,7.387336487527406,3.3449911143181676
1139,-1.7020808564913144,3.4085269679505226
1140,-4.645679903360291,3.596372060101456
1141,-6.6370460386365115,3.622275546575576
1142,3.5998640870167358,3.8430086805768497
1143,-5.007518644689983,3.753291115783083
1144,-3.730792145901475,3.764757093874199
1145,-0.3447658983128063,3.2322675013473043
1146,1.5637070120881018,4.129154542715103
1147,0.15721226621681691,3.751334810565604
1148,-1.5956271221270304,3.5943835925012646
1149,6.558074804475694,3.078287490961372
1150,-7.621541057664719,3.689296188765515
1151,8.513802625070415,3.6348286135881427
1152,-7.202527926810657,4.1911640671533235
1153,5.473921497379387,3.1481208459312673
1154,0.6372950135028923,3.8845808711049763
1155,-2.4211345566348186,3.8502321371510915
1156,-4.7347827066854435,3.557596425208471
1157,1.3804135295465592,3.2392169693919874
1158,-0.34191174089631177,3.735979621144804
1159,1.0656000072352738,3.2923183867016617
1160,1.1231589196482337,3.9629696131642724
1161,4.190980524674918,4.156663305468594
1162,-0.5746332261372585,3.61853974987507
1163,-4.723039051439424,3.4805102055320654
1164,-4.515923478516669,4.2987550351331825
1165,0.8395979153777747,3.9000662935741097
1166,-0.9418663004487218,3.4873393272623554
1167,3.556063527901635,3.9718120371271226
1168,0.6421696134505012,3.8055997323048376
1169,-0.9339915364141771,3.395929336852721
1170,2.7248480157347963,3.484392229916103
1171,-0.8680980811933626,3.95361498472375
1172,4.533690841862314,3.8937985496483214
1173,-1.4910051479013955,2.8133273451840735
1174,1.225783192245813,3.4380814352860085
1175,-2.7452306981729224,3.848222094021057
1176,4.221051161638635,3.5805035333526845
1177,-1.6791764484550553,3.971370600532592
1178,-0.5535997085525767,3.239184089446801
1179,-0.3390032487115414,3.991915442930762
1180,2.738773223680684,4.107501575281124
1181,1.0018676379958644,3.327206140678235
1182,-2.407787712270985,3.7286119597865377
1183,1.2523837409021727,4.053903739483792
1184,-1.066676124845332,4.143094897028108
1185,3.6211768876912735,3.583847634307399
1186,5.6620796838803304,3.890673755090995
1187,-2.52307131849062,3.827221421754824
1188,-2.9322251704431634,3.7102829476131087
1189,7.520383357923605,3.1998880092757362
1190,4.358990422949196,3.4924683181548777
1191,2.1520331994016075,3.639557699931718
1192,0.4538998085932213,3.6642885841281396
1193,1.4632757573063293,3.5252248035416525
1194,-0.8386193888264462,3.9220848755756355
1195,-2.3377710461423846,3.66335438568209
1196,-0.9077178172088104,3.9593363020336456
1197,4.503869931589829,4.121246082802906
1198,4.2919662536651915,3.1529254085005594
1199,-1.207622577809205,3.5706335872968906
1200,-6.329855701253308,3.79533356486577
1201,-5.439360813641865,3.5359250565216387
1202,-4.343619000557973,3.5028434969543585
1203,2.9173909466991597,3.6355361226336576
1204,3.8096637154326665,3.9618442955809616
1205,1.4881917215096392,3.92465775953523
1206,3.338663477477295,4.301732515890761
1207,9.730977016646023,4.199099156205528
1208,0.3587203285887888,3.5577179539300094
1209,4.787509627456231,3.7203972471010363
1210,1.9270921952938853,3.8606408701874706
1211,2.568764022657263,3.7095534047565955
1212,-2.173532557144912,3.3422168012063342
1213,-2.263974131836109,3.659725404084053
1214,-1.9143559695870611,3.3456140575963893
1215,-0.7788349340674937,3.522512180516129
1216,4.0346339557801985,3.560057095788351
1217,2.216373370933202,3.7177657684888286
1218,-0.5207077133246626,3.481797645229604
1219,-3.653052454941293,3.9340367412293986
1220,3.5369802155391876,3.765709582134455
1221,0.5973284131619726,3.621478620314893
1222,-3.816949542419183,3.958833658270371
1223,-2.858788779986576,3.6624347741153125
1224,-0.884986948185034,3.8489202868186614
1225,4.353294753094935,3.7322781712123567
1226,0.50435693333255,3.7533177273461087
1227,-2.239632896588592,3.9414369617197886
1228,0.1946145242298128,4.289911567488536
1229,-2.222380573698855,3.8252800025497025
1230,4.5151869701387355,3.4814478774924242
1231,-4.166507330052756,3.3347298682055193
1232,-0.7466986279439803,3.7602118117494596
1233,-4.61291241293655,4.2109606463211255
1234,-2.914230101134238,3.1737937281147834
1235,3.1216393227475714,4.304866311496377
1236,-4.106586979941748,4.0427017395660565
1237,1.5205625652505417,2.8434611490580535
1238,0.40095856576068495,3.298265311730973
1239,-0.1742803121120468,3.927136770869886
1240,4.165246583609281,3.5155560001755313
1241,2.3053004069528393,3.726601170131987
1242,-0.5935762958928346,3.719214390646036
1243,-3.7545437365286083,3.361863130121963
1244,-0.030500827533022294,3.042440166744654
1245,1.9155890763709644,3.8818049069872074
1246,-3.9885320186712323,3.355990280331032
1247,1.7845039581983524,3.5955471538526464
1248,1.473316475502242,3.324117494987314
1249,0.010753607652351924,3.5471208606381786
1250,1.4644941322728988,3.526298729515031
1251,-4.509411333185053,3.7049351960668107
1252,1.637260198069574,3.9070696349425806
1253,-3.1248814514238457,3.7184762172875407
1254,-1.5305086171585054,3.976397360975817
1255,3.6502275086906315,3.6105320286012
1256,-0.43957665199301754,3.6213118128221025
1257,-1.3234282913910311,3.0920707114340753
1258,6.388684479129408,3.36064611956068
1259,2.6407649390397787,3.2695794517787213
1260,6.57636051112472,3.3456402855838383
1261,2.157705544413338,3.815676316686777
1262,-2.8761610269792945,3.6506146714343433
1263,-5.318609162700076,3.330362494440974
1264,1.4655461640830465,3.1664629645107287
1265,4.8594287322102065,3.561389863235211
1266,-0.5475012765331154,3.50545775876188
1267,0.6376754990892283,3.883899508929918
1268,-1.108286790158706,3.667792087067163
1269,-1.5296105923548255,4.086246458676427
1270,-0.5751098189485863,3.451965529131705
1271,-0.5348386708567622,3.662564920222522
1272,2.2348875636001893,4.082309488990876
1273,2.5380462513714517,3.516506559819808
1274,-4.3848969113969405,3.334120558819797
1275,-2.5099094507522333,3.9377933516797334
1276,-1.8029036419337698,3.5360878783708234
1277,0.40425858854231755,3.8225008379272114
1278,1.288933663717707,3.3732746967934126
1279,2.3112279480634417,3.9046339276945514
1280,4.269896803201313,3.3534608811487856
1281,5.4926787888973125,3.9174489922933637
1282,1.4325871312322311,3.5270119488644447
1283,2.988520889504977,4.3957613439581005
1284,-3.9869966292513266,3.882403715068036
1285,4.73392585050098,3.761066540918255
1286,-0.3384719203889011,3.500564105140104
1287,1.7894697933909274,3.269923244528403
1288,-2.6140835492858074,4.001853146882389
1289,-3.014764524017106,3.2992842981863246
1290,-0.6834106882725288,3.039429696798274
1291,2.033437604209245,4.08559529860514
1292,-2.544973046082118,3.1992356188702495
1293,-0.8533400358372071,4.008933638423471
1294,1.7858221056617343,3.171405340464465
1295,-1.8277648302389065,3.500020704329825
1296,2.5364993922043673,3.215255471525041
1297,-2.2331134455242183,4.115136490554513
1298,-0.9679416283073763,3.501736773852719
1299,-0.7471347517036219,3.601550074064889
1300,2.4197142233894633,3.5077877600601206
1301,-4.710697767162629,3.8740188687527217
1302,-1.7181459449617513,3.898976008394076
1303,4.51859738322766,3.598092472110533
1304,-4.494497933871884,3.7281361769057906
1305,-0.43567722595607744,3.6741850525183337
1306,-1.2645922547126698,3.2677051272222473
1307,4.440323830833124,3.709732468573939
1308,-2.292443784193468,4.257539150431102
1309,-3.1703823078013946,3.502174501785147
1310,-3.731538072930545,3.4608965253566937
1311,1.7261932409456102,3.5321433610332726
1312,1.458255373924619,4.5320407931399895
1313,-1.1327587559183534,3.629362414047492
1314,4.457623253810968,3.6333238218177892
1315,-1.0585849797449798,3.935619927708417
1316,0.9967245845615249,3.224813398233144
1317,-1.4946766769405728,4.132695963188601
1318,4.852421967096388,3.3243087909189244
1319,-0.7661223975205284,3.402915778306413
1320,0.06207653491299746,3.5290896716331015
1321,0.4431159545614091,3.281799712204346
1322,1.8974051267567855,3.532084448163309
1323,2.0532368074221936,3.706066094448615
1324,0.6909841882906026,3.9007956521198195
1325,4.583547294225997,4.2326571272095395
1326,-0.3386761101376753,3.450116470673145
1327,-1.0897400715495,3.4596202419567086
1328,-2.2808981521788363,3.5501075160870883
1329,-1.219985124234056,3.406205612095354
1330,1.2150526901845855,3.760431748255731
1331,6.258219988096414,3.333475998520927
1332,1.3695292688528304,3.1622104775270894
1333,2.4491362637963814,3.35576175504902
1334,2.3496047028745117,3.3193205802657695
1335,-2.523198305205923,3.535222091121912
1336,-2.141129709999866,3.8042382309104283
1337,2.4731505514643572,3.6581836229925586
1338,2.252573422092533,3.7250835269452205
1339,0.4693454985570432,4.54765507245038
1340,-1.3079458217375948,3.496568285844108
1341,2.0951904868563984,3.726607010854635
1342,-3.986685213778445,3.6351814868121375
1343,-2.398153497798783,3.4765210811372307
1344,-2.101346380231979,4.285813022195772
1345,1.01139236565103,3.692637593062915
1346,1.5865236363308357,3.1666428723609243
1347,6.9755774174087115,3.6070076771684945
1348,3.0100746823296793,3.7687183567942197
1349,-3.9530165748367634,3.8160035624812707
1350,-2.053835337586686,3.0246142107729215
1351,-2.3134992004973673,3.528562084739154
1352,1.0087125928172285,3.64189764392979
1353,-2.881368942544273,4.11007926444629
1354,-2.692342144913873,3.7154344809497157
1355,4.815265361748638,4.0361387555459425
1356,-3.351907893123152,3.703181227861262
1357,2.34786463365923,3.043625573811245
1358,-0.03623674051785839,3.3246589419285177
1359,0.2863658080255568,3.4222955317043016
1360,-2.377956415269659,3.374253476869457
1361,-6.294577897773278,3.5165003831497224
1362,1.5678802568892598,3.8277601842672166
1363,-2.054429747546659,3.6518818729467872
1364,0.026013249687207706,3.064485824099293
1365,1.0108574512306516,3.7681492997351835
1366,2.5999165013682766,3.496373139898527
1367,-2.0747196552732188,3.2821117669343174
1368,-1.1584777626402216,3.4485243475138754
1369,1.3711519284093527,3.392278571950104
1370,3.6495333655993463,4.083132786836533
1371,0.34418519903602035,3.826869062538245
1372,-2.815300057595936,3.2502523534693664
1373,1.7600838032726727,3.065887465616317
1374,2.803175990469801,3.7765078354108637
1375,-1.38560449375405,3.5134137999593573
1376,1.3655711241675947,3.5768148225235956
1377,-6.6966220229380475,3.766692040220327
1378,2.1674278939655944,3.6231589406416416
1379,-2.030708439524964,4.300645646133152
1380,-5.754177298325626,3.459265570481003
1381,1.0076876188399737,3.5397939213239473
1382,-0.43568596361960027,3.7347322824680997
1383,-0.291090680640382,3.9801341243783486
1384,1.2061774757637018,3.586235069689912
1385,1.353261783619365,3.773318914600471
1386,-2.2552574366110316,4.001779192601335
1387,-1.6934776578438633,3.518679895400643
1388,1.1555370771311075,4.034304621552485
1389,1.0610039452583369,3.632994335364598
1390,2.6479463882221808,3.5371748846273223
1391,-2.708442978690187,3.750582105635605
1392,0.2956098674946387,3.4570801651959475
1393,1.2125155303340092,4.0701866028988825
1394,-6.499567142290801,3.995337890160801
1395,2.3875541908826867,4.099080835479663
1396,-3.2777370177836995,3.8745851244432137
1397,1.6982307224664768,3.2137855821134766
1398,2.708699454579785,3.2430066840863967
1399,0.7771666565598215,3.487808939576508
1400,-0.7475190111961105,3.613647992481598
1401,3.057888997517853,3.9609937543136797
1402,1.4306327702259374,3.4142810519103413
1403,-2.814618108644391,3.4024127266337647
1404,4.38402975400696,3.5597413495276258
1405,0.6243644910842241,3.3008420174944018
1406,2.375893454464499,3.879921559272835
1407,3.5110857657929304,3.5308531147443083
1408,-4.34181065224809,3.9562003203099603
1409,1.4731628275899913,3.253153552209185
1410,3.5444661315015926,3.78367957212117
1411,4.604788551357133,3.3288461807562073
1412,5.515949431024198,3.9889266003549286
1413,-1.1363314617767957,4.535620961758166
1414,1.8708870869343133,3.4425977673116055
1415,-1.6678437884305493,3.790002822405015
1416,0.3722931025636612,4.409838109568728
1417,-2.3767109124412924,3.7405883591891658
1418,1.7430300129064848,4.435503668107889
1419,-1.0366573820330431,3.654050242699729
1420,4.657538808545994,4.157370137325137
1421,2.3121793778261814,3.629829097123605
1422,3.9757503702756467,3.6197347057520566
1423,2.7719870744645476,3.942861871520652
1424,0.9717718449449181,4.178374771595761
1425,2.2008186397994076,3.644208703813659
1426,0.008175731472993154,3.1036841033725793
1427,-0.42614828060153837,3.578345697893813
1428,-2.190853755831456,3.440997907480649
1429,-4.747744663069506,3.693704605460923
1430,2.44844180408054,3.616333663493101
1431,-1.9129482487493776,3.1864895952761985
1432,3.07658580968004,3.608386668137066
1433,1.7340028651455366,3.596146275545841
1434,2.7146872972069036,3.716143033326027
1435,-3.947685464586079,3.256134234632487
1436,2.8805167246967214,3.8321038791038293
1437,-3.055377506067734,3.219575945516335
1438,-3.6501770036721006,3.9599279190603673
1439,-6.119456028178257,3.9944759404828516
1440,-1.9805717316692784,3.3196199486355904
1441,-1.2738282701546133,3.1816746490287398
1442,1.6617130894783876,3.139999252009199
1443,-3.5587382157174483,3.8583378124048093
1444,-5.727821841801219,3.5684478333537375
1445,2.0660538855991675,3.960570002823284
1446,4.348665162104536,3.452513088217367
1447,-3.7632641467051546,4.031426063851101
1448,1.3350961535672616,3.3409736300287514
1449,-0.4858920673343775,3.9772598632120677
1450,4.214310822150943,3.7842389492675808
1451,-1.991917145632282,3.8202016774441256
1452,1.4726678232611252,3.59836943638464
1453,4.776576437618607,3.5593744602756745
1454,-0.20136652175098424,3.8307018450729102
1455,1.8314395246501436,3.6349461139890966
1456,-3.6167723480347167,3.29445116425675
1457,-5.635636894674802,4.001768206843999
1458,-1.104665152934019,3.9677157240314136
1459,0.23379628610353081,3.550805405999246
1460,0.613139955691808,3.6325800508103256
1461,-1.3235893026605483,3.48513454270661
1462,5.678511035678899,3.2803291666826557
1463,1.3380996987810343,3.5009415892515405
1464,-5.1395515235446485,4.3474671889066
1465,2.2430355879721806,3.076007104072241
1466,-0.2330739971692765,3.413044240128316
1467,1.482519223618025,3.0042018265266335
1468,1.5629984007770552,4.376950281500065
1469,-0.09246220419866326,3.975908650452953
1470,-1.4121974920995937,3.2488155628818784
1471,-1.5094993292834216,3.6657900562763412
1472,0.05991922377436883,3.6482749696437087
1473,-0.9747634439367932,3.7805632189458924
1474,-1.8670033452324695,4.505463735640097
1475,1.4617084141250132,3.6145282589828307
1476,5.741481891587349,3.715824691972223
1477,-1.5997788863709468,4.147344706667928
1478,2.0433251502025302,3.122640022955296
1479,3.049393999741463,3.333246478227516
1480,-2.025037229288711,3.4832461483013852
1481,-4.479501704055358,3.8991024288802394
1482,-1.9459924480746547,3.6287240858695315
1483,3.4586684285149714,3.689011214806364
1484,-2.6023971192303677,3.5703882671840974
1485,-3.644935100176259,4.291193994889056
1486,2.9116835094829683,3.143804592737765
1487,-2.506393400939404,3.757884441235119
1488,2.7326156929397056,4.368960094626136
1489,5.251402748816411,4.165293996660111
1490,1.46911516207106,3.0058073755472625
1491,-3.1760652743752567,3.768455751617568
1492,-0.338346320662313,3.235646565356286
1493,0.6865043499102572,3.3325229750045473
1494,-2.5601581862790437,4.503329089977044
1495,1.5878497311582846,3.2154978968818457
1496,2.146223759672304,3.596351046841114
1497,-5.1108699414978265,3.4729304252674686
1498,3.3573546292691416,3.4535575072900997
1499,0.1626190109114761,3.1473831561747274
1500,-0.9355608129309383,3.411538046607888
1501,-3.3881611201717416,3.6949891295870096
1502,0.5559184983599003,3.5166004083273257
1503,6.822771576679281,3.7149918910213335
1504,0.3082784347032766,3.4093572143285673
1505,0.7200114730205406,3.954218044768264
1506,-3.4116124657596583,3.7988994232724376
1507,3.172194518671149,3.4309004019679215
1508,-1.8164196053559865,3.073007580944846
1509,-3.492901640114303,3.7220284901877947
1510,-2.8945319044744053,3.4336308441411014
1511,-2.508826097983818,3.3196997541487403
1512,-0.8013824869461879,3.4697482799229924
1513,1.6789831403002997,3.149924062345625
1514,0.4370507085838598,3.3587949894918365
1515,-2.303947050392823,4.133608168822498
1516,-1.9471649783883762,3.2979943003655654
1517,-3.650619185087182,3.5619493997808225
1518,3.69683975939625,3.2300725926923084
1519,5.728527531137267,3.383798058789554
1520,-1.7729880580960624,3.6378831959683913
1521,0.8904123171406163,3.046678062296162
1522,-1.9295048455625572,4.196556087024635
1523,-6.305290149339326,3.8668496989211283
1524,3.616160038728538,3.723492207014591
1525,-6.10513839147921,3.9228044015030252
1526,-0.9405246033003513,3.7193567672093284
1527,-1.0050762476053903,3.8385071321914244
1528,-2.5099335718137135,3.8590484424065337
1529,-2.6359856983176173,3.839756847795973
1530,3.9873756120095347,3.5439038571399246
1531,2.110701208111316,3.7030594815785616
1532,-1.5153913670455497,3.2844891146761284
1533,2.2697972154729014,3.8779458967691802
1534,2.2220479793082064,4.377403895035532
1535,-0.6735547865923108,3.719852526218477
1536,3.6279155229533946,3.4065172332923903
1537,-1.8611830125435989,4.136966559344977
1538,-0.7668108485818953,4.035994581825597
1539,-0.724282703359129,3.5104844518495115
1540,0.985818921472909,3.705994967201778
1541,-4.66327920357402,3.553427061512102
1542,0.5924255539532792,3.70313001647301
1543,5.549999079214741,3.2312604078211478
1544,-0.6965064516581603,3.3936772649288343
1545,-2.3699512256074433,4.006361357450493
1546,-3.70826063301943,3.345315834657372
1547,1.3479372629368513,3.4845310551024804
1548,4.285316097153373,3.5625611680041485
1549,2.166931149589763,3.3414683372126737
1550,-5.7339091596818745,3.552108563540915
1551,0.6978678445239416,3.9642359990952274
1552,-3.4027056223956778,3.656056258252054
1553,-2.2788972074690923,3.6058879504220323
1554,5.84557788997769,3.5567810207890385
1555,0.3528473765454549,3.1941663394295894
1556,-1.399660383128706,3.5353635864940642
1557,-3.8964798555777613,3.5423803123022797
1558,-2.082542143913734,3.508145754594181
1559,-4.390442491692407,4.1139552514266695
1560,-1.7616648249370828,4.7878720280705735
1561,6.716200322466898,3.525258664420177
1562,-4.476528100852557,3.9398674883275278
1563,4.990035286351291,3.5205893549331226
1564,-4.333314096429044,3.5602629685462612
1565,-3.401101233457421,3.493961918428557
1566,-2.9112277212152313,3.185569392188558
1567,-3.7604287379259875,3.306228971054809
1568,-4.904873185492003,3.9977696965844753
1569,0.9214343313970277,3.612630191676745
1570,-1.7551263801578525,3.599344118229244
1571,-2.1319821358119793,3.885221553961644
1572,5.4899682717707075,3.871878784599957
1573,-2.8702708612747796,3.7544206931497666
1574,4.1754871672700045,3.6272235013595715
1575,0.47787267090215685,2.9224334351929326
1576,0.8519549360177985,3.47988824252026
1577,1.9145531085529153,3.4056781481475285
1578,-3.3059665685848874,3.574745197374278
1579,-2.05307288992795,3.2847823006832395
1580,-5.616299025256177,3.7583003374704846
1581,-2.040404189411052,2.9465641462747745
1582,0.6659904843731373,3.011579456213867
1583,-1.7167685633384921,3.564660118336245
1584,-1.2722377024674107,3.1707321707095653
1585,2.1400197690392373,4.75122583508957
1586,2.8028376855828747,3.0999015038001057
1587,-1.7689329368722286,3.1887829962816543
1588,2.0605487387478516,3.9099927873179636
1589,1.895432161029603,3.8324300081346183
1590,-1.142107210908477,3.6780620572625407
1591,0.2544679570973149,3.675570998248781
1592,-3.072702328370252,4.039428665939503
1593,0.30702826203770944,3.989281852055714
1594,-0.006506642791430076,3.842949055012667
1595,-0.46354781278257495,3.7080784660502766
1596,0.14268851600425927,3.4910849759127087
1597,6.236489451049778,3.669369668200293
1598,-1.5465514724643645,3.602007890744909
1599,-4.9661697281134884,3.6019583801180204
1600,1.470442235835143,3.498496176581171
1601,-1.6384672954612065,4.0982678727477975
1602,6.092919776393,3.374666617123293
1603,-3.3153067388269357,4.076865800771994
1604,1.7020782710630842,4.153613167189499
1605,-7.434210788336074,3.9499749000699276
1606,1.1193458561351404,3.747151641728853
1607,1.6039347810958073,3.904270162356464
1608,2.7863740708203526,3.9512056608120267
1609,-4.647327341702473,3.636548475921878
1610,3.3779786286447986,3.8684197556602715
1611,0.7257516313852792,3.3691815742175892
1612,4.944278674688372,3.9540997997456357
1613,-4.669941326649963,3.2209532128965557
1614,1.866614062285011,3.917674636798724
1615,0.5624384895353465,3.772345027712512
1616,-2.422457998014738,3.865612703702372
1617,3.4513393327196673,3.9332667958881378
1618,-1.8932836621018938,3.8739150548085757
1619,1.6570852136846845,3.690429728283048
1620,-1.7573527466512986,3.632614596777135
1621,2.3639849324619733,3.873942078548331
1622,-1.3934543251855889,3.334826006859892
1623,3.1514462246282333,3.8664282635487375
1624,-3.3472792986389828,3.611099058554792
1625,0.9205055085211237,3.4433934746942763
1626,0.6544427737232361,3.815889216022557
1627,-3.467250747489296,3.756054788721698
1628,-1.1890791182714215,4.645852713836658
1629,0.8353799052802029,3.6248470526617793
1630,-1.6852126704658668,3.0770310336951656
1631,-0.661855006253964,3.3378464198410684
1632,0.8329253717513081,4.210868985832438
1633,-0.05299254088153747,4.534360695117237
1634,-1.0147551259192338,3.458788964724803
1635,0.2567051067995015,3.4518498050797977
1636,8.26868592252111,3.847355617963778
1637,4.133316871261094,3.5532659972240035
1638,2.7340334342397923,3.372328151019934
1639,0.573639707772223,3.980843425946781
1640,-5.965681411949353,3.9495707897513785
1641,0.7077133831897359,3.9456250500413024
1642,-3.626505672996796,3.5129391842040056
1643,-0.9196581855222807,4.04325015397171
1644,0.8094433139159007,2.960581182913711
1645,0.5239373944997566,3.8983721977938406
1646,-1.002230524308011,3.478118867531463
1647,-8.067661870520311,3.117818670746222
1648,1.0193134583432852,3.7497178489212057
1649,-0.17294996542586544,3.9713303379916303
1650,2.4311724307634655,3.3157162295300764
1651,0.9960535622709965,4.282492186717253
1652,4.122453666312884,3.429012917904232
1653,-6.541281492371587,3.81505362811853
1654,2.035788581327712,3.4808615543138406
1655,4.128879883077647,3.987838616556953
1656,-2.093041168055584,3.335517311786671
1657,-1.5501596948487866,3.5484560802347596
1658,-4.07616956613488,3.514151658346451
1659,2.318799851287395,3.743809989237691
1660,-2.7388665602717097,3.5504856212264104
1661,1.1016427675428249,3.6924364991552556
1662,-3.8441474190033706,3.704124779085263
1663,-6.401672202445613,3.46055158250102
1664,-0.07996945705891673,3.5357056418380335
1665,-6.938220748125346,3.6117045728604147
1666,2.20446134918749,2.850937563616725
1667,-0.04446965416207198,3.997888610926091
1668,2.2424127635011994,3.8743384889224273
1669,6.38196305857389,4.06139630996992
1670,0.1775316382242747,3.9458766280735067
1671,0.9731166672760886,3.4268699030762733
1672,-4.4352762762008,3.3383532800475813
1673,-2.4644235053325145,3.4572884400358297
1674,0.784591965009349,3.7500425245014406
1675,-2.4482844768401977,2.9715623838239753
1676,-2.583695320393869,3.714810436131274
1677,0.10835049890317003,3.536738840655861
1678,1.4726496450665074,3.766377874354607
1679,-6.654318181438764,3.9358705258560684
1680,0.8130889354534011,3.708610765876175
1681,2.432370269780996,3.6712921228506357
1682,-1.5679995745887403,3.9888158368524
1683,2.817087554551847,3.488873318959226
1684,-6.244352660137088,4.141984979181757
1685,3.030401463933441,3.8622395567955166
1686,-0.5914413844455881,3.7272019041703346
1687,5.3940804516716705,3.596098028663667
1688,3.8721015833467325,3.4597213755969314
1689,4.758840438868643,3.719296901349012
1690,6.659827969750542,3.706052935762916
1691,3.2061861478118927,3.015641870295514
1692,-1.1449690799011238,3.1691141350165166
1693,-3.182195803951611,3.5061598133198766
1694,5.134499605018433,3.914155398248087
1695,-0.7729254167332391,3.4778726556396364
1696,6.5443816455007005,4.221617903436325
1697,0.43965287764621946,3.906909159102384
1698,-0.39116800569705784,2.593209574315779
1699,-4.262214113594322,3.4334480168822656
1700,2.2808926262225406,3.5379241122157725
1701,3.93741731815798,4.472395412959756
1702,0.1358568599340903,3.4036175474939245
1703,1.1289316660732673,3.4260490741806198
1704,-1.4162367888735359,3.8163468023171006
1705,6.504123627739059,3.918118240040085
1706,0.7535494561062865,3.969305106449093
1707,-2.292820552081161,3.3995539836125985
1708,-0.40148365815088294,3.3073342729226174
1709,3.7146780954033294,3.3796231048535312
1710,-4.040058235472229,3.58563145660096
1711,3.73327417253463,3.5581442295039776
1712,1.059274172163531,3.8890739338162255
1713,-0.8774049807367464,3.2258335659525126
1714,-3.4152666615975957,3.7971054514905975
1715,4.71577004486324,3.6004766065614042
1716,0.7879764977159597,3.746332200793232
1717,-3.127637119301851,3.82955213424321
1718,1.9221161788953358,3.4426835288754627
1719,-2.463598037863291,3.462954591770461
1720,-3.8240254947135055,3.129420010861156
1721,2.5054493755450755,4.2719761519492
1722,-3.68607424065887,3.6379006106413296
1723,1.1134292687728087,3.309746176210149
1724,7.891983853661361,3.4743358456236386
1725,5.360779632599115,3.8560741390321205
1726,1.8345253685375669,3.9735245585412504
1727,0.4774862434724232,3.2849187692047463
1728,-6.062518524839206,3.8624772069821227
1729,-0.0463288458259089,3.5578507063865876
1730,0.7478242985873286,4.133815463402308
1731,-1.8340322671977045,4.531793339091958
1732,-4.173641505222535,3.9283883174411756
1733,-0.4104861775530082,4.532569162669473
1734,-2.596148097296056,4.2358335420901785
1735,-0.45330278167053983,3.2037716740517874
1736,4.103307968999866,3.6726214078953983
1737,0.17682276557919577,2.977683636233456
1738,2.0615060491640014,4.245066819777281
1739,3.7800953159968755,3.7962416094965694
1740,2.2832509245650314,4.1216033059671435
1741,-0.6045613313179368,3.1495776433866878
1742,0.118389974737937,3.8059900934106836
1743,0.411143771987376,3.7591312097401404
1744,0.6182743538144635,3.808786544699394
1745,3.6802873994897505,3.8267722003235574
1746,3.9180010945030626,3.7648356932433185
1747,-0.21120204196408635,3.627859280649399
1748,-3.721403602628264,4.066068979970928
1749,-0.21705638845098527,3.8748053963402924
1750,-0.5875803537200662,3.8399080284882254
1751,1.7200519749276435,3.5008203733481245
1752,3.2128126269095536,3.226851826295744
1753,2.5939266137549946,3.151549647530768
1754,-0.6921399160783962,3.3401349262332953
1755,0.3379507996274273,3.2295391885519154
1756,-3.332271090173005,3.7827481800818727
1757,-1.702029821004541,3.209580960595208
1758,-4.1191795246412655,3.4819368804835324
1759,-5.253078448471337,3.801795276451398
1760,1.1671438183401361,3.2539040595324837
1761,-1.9763808620649574,3.794663595278803
1762,2.8940133550044167,3.996724156426774
1763,-1.9260830509337117,3.927614714209091
1764,-4.670382218657114,4.177977471514951
1765,-0.7439957297468551,4.087238667127419
1766,-0.29691126886862323,4.29479755740082
1767,0.39927363362677465,3.753053208129949
1768,-0.7783013273471218,4.124540697030622
1769,-2.267926231539198,3.5527745224962715
1770,-1.9787968626114587,3.5355278632786833
1771,-5.3266223427906985,4.025733091264552
1772,6.326679825220846,3.8023309230950897
1773,2.954837346458871,2.7908798674151316
1774,-2.0992266838267204,3.425127110615757
1775,4.852845106612647,3.436163823749835
1776,0.2617503252230262,3.999552966768893
1777,-0.004101910784374156,3.5791857118569084
1778,0.33619738125712473,4.303420950050663
1779,-7.671110253300079,3.675533507838685
1780,-3.6640088984093695,3.550929803558424
1781,5.541646376989138,3.3798751098315214
1782,3.81617664453512,3.3161585294860294
1783,-3.661696246673469,3.5516707701760803
1784,-1.1877764572854372,3.321701905654253
1785,0.029006066468983464,3.933392849914512
1786,1.5773677302897624,3.801075542956241
1787,-1.4579144358452094,3.323522484364519
1788,2.0756515391900257,4.171240698804483
1789,-0.10824567476353227,3.63090522396977
1790,3.5359302549797933,3.470659755318874
1791,2.0889073582942337,3.5919180054654567
1792,1.2128816374945985,3.2949872545612173
1793,-1.0854998687598179,3.744450747560318
1794,0.4508916505013764,3.5050865029872296
1795,-4.182247856400077,3.8385139641920474
1796,0.8281970580254078,3.389132176220944
1797,-3.858342738728983,3.7801514515553967
1798,-5.522249895688199,3.5958258764119453
1799,-0.6354711363365771,3.6844999908012017
1800,-1.0702644604543667,3.7044687732089483
1801,-5.168255690399327,3.640110536113881
1802,2.8695154928547315,3.3622984224883115
1803,3.6123661766262,3.3978784995127915
1804,0.3024259889344804,3.5313825387872946
1805,-2.6614754284233664,3.7447041374287102
1806,-2.5776337369363667,3.0808033085248727
1807,-5.753205906892095,3.9103380527314306
1808,-1.6681384292095844,3.8101805200021888
1809,0.35688997302582365,4.0205796415859885
1810,1.763425825788839,3.8290747987433456
1811,0.4550565424319503,3.377840037683428
1812,-1.373150852285729,4.00533230040807
1813,2.7967015200133614,3.660103110053436
1814,-1.0630366450742208,3.6586360619472607
1815,-1.1948935894635242,4.0458565463298735
1816,-2.549817718355058,3.239235119919779
1817,-1.0102046618540526,4.123498175335884
1818,-0.20211787298531725,3.4317652618371555
1819,-1.66687817710505,3.6555744636374823
1820,-4.3301833920338835,2.8652126006054783
1821,3.394544698149093,4.09306466122177
1822,1.7506467094122722,4.499395643387397
1823,0.8649979191998076,3.5013979723175344
1824,5.76835070455447,3.6391839429546615
1825,0.43580985277864437,4.136448000983591
1826,-6.52485341616866,3.3928936337531597
1827,1.9054102899222958,3.889572621455619
1828,0.23535871272129424,3.527963515064875
1829,-3.209234907739771,2.846663310400598
1830,0.2444652166776742,3.495814862389953
1831,0.3718233564546331,3.03518485736262
1832,-4.949797369771239,3.7690579442003243
1833,9.062296729193069,3.7414547923483004
1834,-2.093434523208731,3.472932207615679
1835,-0.33358113792534483,4.124691153273644
1836,1.308413924673709,3.5640240417793017
1837,1.6796284238796708,3.850822960069573
1838,1.8021610428496624,2.785956377535549
1839,3.2560323861915483,3.4845488401674727
1840,-0.5282785456715284,3.6319117372972154
1841,0.6661160355324449,3.416180649517187
1842,4.610329020350254,3.465114464850053
1843,-0.13052446121937364,4.122186707881299
1844,-0.9921833479889709,3.673738236835177
1845,-3.247890193976864,3.5623272610132433
1846,2.6110105133603234,4.094975600731131
1847,0.23011443007195062,4.072041912538708
1848,2.8135616768312652,3.552704331081178
1849,-2.861751687110991,3.5572713568067402
1850,-0.9441622427816536,3.3906270887206116
1851,0.4565168244677988,3.653469939443247
1852,-4.556770441456151,3.50000850525571
1853,2.975979492782961,4.1205430737106985
1854,-1.8768083269800564,3.3474791577636824
1855,0.790202300813434,3.5076473636229824
1856,4.417796077493689,3.8132207646828844
1857,-2.3930677372838596,3.180389130972442
1858,1.282676955304496,3.9082800134864004
1859,0.5002631856794403,3.1240326329293486
1860,2.2409512953517923,3.0239742461201446
1861,1.2539963146042212,3.593896107011661
1862,-3.4851552371579353,3.639046297541179
1863,-2.297329736463169,3.3429485631577744
1864,4.542209409350405,3.627988879280971
1865,-5.846329171036247,3.7336185563160824
1866,0.5138055576092658,3.997447800946101
1867,0.8998007427340355,3.806629529281154
1868,1.3076363406502585,3.2503630907313363
1869,1.4762668878309866,4.987404819978763
1870,-1.7525456393193914,3.664460290589138
1871,3.7761110754151455,3.698621813658618
1872,4.304704858981752,3.641686467166586
1873,6.451964656485443,4.0954679360100075
1874,2.337711384999524,3.55917012904326
1875,-1.2615817369113953,4.205003272533555
1876,-2.7278000340964477,3.9234664902356395
1877,-1.856690796218679,3.9608805931321833
1878,-1.1973181164515634,3.568322027379671
1879,-1.2517269554809942,2.949349210513053
1880,-0.6961535312954238,3.690221327968609
1881,0.7719024510743839,3.4853367411281617
1882,0.21885741368678147,4.191951472616465
1883,-4.206087553279339,3.518793741163912
1884,-2.8093164373758475,3.5656263439228812
1885,-1.2773523443249402,3.009611682916061
1886,-0.45750840582366276,3.539950796947632
1887,4.617730757810535,3.5228855695574497
1888,2.8702628238172054,3.498028139054351
1889,-0.9646785784661928,4.411586415648827
1890,-6.3113669309888145,3.4195363202356557
1891,-6.260868542761964,3.5227556881622246
1892,-3.3322458742169214,4.041512094522853
1893,1.3452669504906098,3.9883703476257666
1894,2.8805683993500164,3.990200020589595
1895,0.5571246557101276,4.065747304490974
1896,-1.3739791598092859,3.714657282732149
1897,0.4647150955549101,3.4822563588254045
1898,1.9084842929792767,4.014218331577862
1899,-3.5554365861124184,3.7207177231938755
1900,-3.167805242796979,3.40422611853908
1901,-2.013928954281362,3.279818674301896
1902,-1.508045460813926,3.199345886650136
1903,-4.168604879425308,3.679454862355329
1904,-0.3030465812792957,3.967717692402759
1905,-1.1710849080716657,3.5709566273972677
1906,2.7409059123373587,3.416413268685752
1907,0.7194107653955797,3.025321992590237
1908,2.984532689298698,3.1949289224613593
1909,2.2926472423606907,3.754943785911491
1910,-2.3442611646202622,3.7851258455678773
1911,-1.351231491426921,2.8811898114750605
1912,1.4302551738467175,3.8615955350592177
1913,2.7408488090013607,3.8356575953588794
1914,2.996984442561017,3.9559169958200973
1915,-0.3068683327043421,3.477673526721799
1916,-0.2686401019446858,3.36604733540128
1917,1.4753238186544224,3.9302363447065884
1918,0.5154081333198405,4.252600306245458
1919,-0.3351680314006104,3.4803814781919153
1920,3.2639608915285927,4.297285308469807
1921,-1.1131530544517159,4.155234877808124
1922,-2.494524614726362,3.6969492847705543
1923,-1.9867260759643544,4.115969897241414
1924,-5.490238516534094,3.8585493881132384
1925,-2.710347713903365,3.707182276903239
1926,3.249703715315921,3.134236218492386
1927,-0.8972633378004653,3.9189564368231333
1928,-1.8026438634508044,3.1867977556857467
1929,2.666921024845721,3.46601120129541
1930,1.192184495698515,3.7902465591725427
1931,2.682587822072746,3.6527031215835413
1932,-0.9187677769506573,3.9342216184896355
1933,0.9694643952893851,2.8753615712876983
1934,1.8056793294347977,3.7507648990593303
1935,-4.660103630163601,3.7993689252121805
1936,-1.2483877612530052,3.304594387770126
1937,-2.7767123752312064,3.6761189938841783
1938,0.16251989689982355,3.868963369378502
1939,-3.9362573848529068,3.4293513842153738
1940,5.676874861624865,3.4477773842972743
1941,4.529660964121789,3.326306973210978
1942,4.213922213901868,3.1613923422350316
1943,-2.9999267917883583,3.3255369386705413
1944,-3.3970616037288877,3.397549878579485
1945,-5.675147645715136,4.131895872070776
1946,2.86219205107367,3.3940536327182036
1947,1.1489771160797342,4.378215654287145
1948,2.262324897834705,3.7097294006109145
1949,-1.0289443604231368,3.374767775928356
1950,-1.4734955240095335,3.707850332601616
1951,1.2520324881447098,2.960637290482239
1952,2.53811203143509,3.820731400397883
1953,1.5106500340249194,3.940935915373867
1954,-1.897659792979026,2.9963101208460494
1955,2.55199733446443,3.873355132571994
1956,0.8607904689908747,4.22001882277541
1957,-0.4170352002417753,4.2488291359446
1958,-1.2512083561545648,3.14650509700472
1959,-0.45552017712568477,3.881780004283938
1960,-6.128213406927253,3.465773593253892
1961,-2.118942222479426,4.241425510012078
1962,3.4374018344793877,3.437079263471041
1963,-2.5041993728207315,4.073137842885313
1964,5.139411715780887,4.096676259195717
1965,-3.053369936242716,3.4083583247476454
1966,-3.7615407855981156,4.008416005586608
1967,-1.642808598024425,3.784294407587883
1968,3.501203691627443,4.155831045998972
1969,-3.917791899294712,3.8200904966386293
1970,0.39121615065908594,4.389264037403772
1971,4.358618592850669,3.5858266840245703
1972,-0.8251643677470007,4.3296392921636135
1973,2.48832205008939,3.3127329002329122
1974,-0.7155602436298545,3.7178526746993033
1975,0.16035281862347417,3.2583324353698973
1976,-1.6056583453055968,3.692420719554865
1977,-1.411575241557351,3.4683604455206343
1978,-3.9303804819469126,3.6196758236455495
1979,-4.669552281701578,3.1482752154576024
1980,6.695827631079262,3.6790879003872083
1981,-4.415934361712323,3.669932438426684
1982,-1.5370403030539772,3.287252382302668
1983,-1.9911461766835692,3.5007573499484947
1984,-0.08561243006751958,4.051330753275417
1985,-3.626637688745552,3.879845509203907
1986,-2.725431217254323,3.183795103311125
1987,-3.7124526877556105,4.1097009850825925
1988,1.8074308089688007,3.761842225202117
1989,-0.2478619819929055,3.757577044934256
1990,3.4146669170458446,3.2292127504419312
1991,-3.6221959922891434,4.196225607143668
1992,3.980960594308017,3.629180174724512
1993,-0.5355271840096326,4.272391839255071
1994,1.2384731419428683,3.0115266383813672
1995,-6.258031186915828,4.093025253325716
1996,-5.348542564713479,3.886209732684951
1997,2.8187090925769036,3.8686749744108146
1998,-4.558655903977111,3.129501747659878
1999,2.3323950653955228,3.5993480171252825
2000,-5.695727303481522,3.641085031486088
