y_y
13.630738299073052
13.59068508413463
13.460707569462677
13.915753400439687
11.738897967503272
13.756492891731549
13.406633110178557
12.645516465989255
12.92446996699953
12.596503505208052
12.322751188028327
12.827677486608696
11.888179669097447
13.402697714128307
11.743405617684196
12.821720183892747
13.31589023248177
13.254590607480349
11.94821791306367
13.248988536586268
11.996792233341479
13.16626369941066
13.747019292329602
11.678449959768304
12.706718836129236
13.853094304953968
13.668569605884173
13.18550313557664
12.240827567572989
12.37149889542785
11.749356621521132
13.515259841364719
12.406755288131691
12.299017827393826
13.485359729860145
13.082866031510036
12.381463056035235
12.949674701841126
13.601999883530615
12.452023619533074
13.208842644180596
13.839722599914008
13.102326254775106
11.126591557245701
12.729349331538163
12.741798884699312
13.3353396244483
12.657340174047667
12.593512880344607
13.081181993723375
12.540432580465277
13.713729366145
13.012439264024128
12.265793943855492
12.842759898489343
13.103232992034664
12.33427619184259
14.212950144305214
12.552185233445227
13.53981822483054
12.359976442907499
12.761832497292131
12.583874480197654
11.877651487142172
13.427073980449594
12.598435103406894
13.911087726195662
13.759990095932991
14.152447608758656
14.66473863994698
13.703936183437525
14.479739576039064
14.578518264229567
13.841986821399386
12.805688577543764
12.51970786832905
13.95246667818685
14.019201604040894
12.781131722436635
12.756527072865941
13.878755231900643
13.029598457179315
14.041941274893782
12.449947779951502
11.849225714382621
12.65438386011479
14.328466461250894
13.295132536724395
14.302234720009329
12.88723678116752
12.74266551780261
14.347038555595399
12.791152142350859
13.480715423350174
12.174149964715909
13.825015571187764
13.276264250844116
14.541998051567058
12.565440956431875
14.38468310607147
12.580781376577134
12.880659530238
12.183013894023379
14.465642908195345
14.275319071322686
12.182971620531955
13.791759263652033
13.45160445093214
13.946604761600264
13.586878773459295
13.375940485570393
14.22953561864102
13.809397168744402
12.791425766807162
13.146683081686309
13.103121548670526
11.91885677563214
12.928186908602191
11.983528582196717
13.357353216245803
12.329521685891756
13.103040511997445
12.387700783873077
13.696520191680571
12.5985285889376
12.926818176751054
12.069716644144904
13.49847670989403
13.737446496844642
13.738285202951015
13.579548458647517
12.562780900548953
12.37888840679285
12.630869807185464
12.841044615632914
14.007033465933798
13.114168560809604
14.283273240446288
13.25419301890552
14.85439179634901
13.791574357269852
12.6045272954663
12.277818282265713
12.431836256917881
12.289879269139014
12.733271291191956
12.2596083309792
12.94453524047821
12.689997789372914
14.020096480513242
12.93451536960346
13.19878737019435
12.443616117670658
13.270617244032117
13.691631009329878
11.842852911060287
12.153362176031637
12.859777371314218
14.110957237364422
12.03054895731996
12.979856657659074
13.209680434928956
12.448745949684916
12.745762691214598
15.313569671935026
13.386514569257143
13.665218141985847
14.234405226609269
12.146105011480808
11.628254843679528
12.965718789953048
12.53762369145935
13.407219899172945
14.158433208095648
13.113501883155065
11.659649548605529
14.178712774469435
14.23030117887646
13.087217061352463
12.937340280913391
14.28117845431243
13.326365065142614
14.41045827252765
15.5749696934454
14.899333321660837
13.191169659014925
15.041487952750357
12.602381565198007
13.245874352821074
13.148806305135407
14.330828643411337
13.011285982270774
13.186741091882158
13.211298301532356
13.157528288626152
13.808894289690622
13.68137389123153
13.107968703255725
12.594031452374045
14.043546330286455
11.988720667779932
12.058943291169623
13.990048149279092
13.627335495645779
11.92281526183011
12.637522340596195
12.408316645054754
12.320554583079279
17.128059306645106
13.09718060930533
12.73957535680507
13.671040149036385
13.376549839398626
13.251112571646946
12.977532080663222
14.617519603692477
13.591632886833453
13.530927766242346
13.475409541194574
13.466656278528587
12.052957062676787
12.998931987377066
11.441532909920246
12.042930001537977
14.981508276470885
12.382705882465887
12.413564785442489
12.38105369084704
13.31984756393933
13.338493175556831
11.615823062380167
12.200113397416391
13.862983732823308
14.139246952427863
14.499223754471107
13.065343842728208
14.576909985263335
14.980137927092192
13.48310295807087
12.495904044149295
12.657206506547691
13.552667605908589
13.539026080629547
13.462836178101332
13.369416294489753
13.119369607785712
11.942224601288164
12.643120116595927
13.200739908574509
12.379515558313665
13.439070782049741
12.187708876558506
11.745281576715074
13.931981660443766
12.436152040935829
13.142574585983393
11.658257745475115
13.33990172770031
12.55601093142819
13.260114678259312
11.997792103522173
12.959918123469985
12.141346066130783
13.655876576856475
13.477508498305056
11.61479208480941
13.813299273511102
12.321436781750721
12.991853658798414
11.824053762783146
12.935968303352958
12.783451596982138
11.968254278915625
12.163091582685258
10.435467896725493
12.789170251919076
13.516774142358482
12.658304840410816
12.413287451408673
12.778047645668249
12.27188281861515
12.83989929898165
13.045683837331344
12.44356412598621
11.444918664641287
13.68547597729179
13.877392024469106
12.636834904873531
12.065706108810236
14.614886618881787
13.08406566732063
14.434130101260886
13.024740116851747
12.102469117171944
12.026790865647083
13.610752230791936
12.116980307582388
12.624619417311287
11.666353067926929
11.828932749286073
