0.0016009410322594423
0.001694072403351073
0.0017828974738482736
0.0017988786401601
0.0019808861161577473
0.0018120614837336616
0.001904076232429002
0.0018366485901743059
0.0017609798124818138
0.0015634661456337537
0.0015627185852547308
0.0014930142051896222
0.0014739887890052468
0.0016923237706993805
0.0016926627329465105
0.001659273231642543
0.001743275997140496
0.0018092817749210143
0.0018577867656650484
0.0018017186803952246
0.001720944037998643
0.0016920101398625051
0.0017576077541939612
0.001710180576572251
0.0017000986697602676
0.0016245654287419143
0.0015704255429777288
0.001624429384243128
0.0015699526324925118
0.001688883066257006
0.001846377201564539
0.0016558775833671016
0.0016708390507800168
0.0017208916196803808
0.0016883702375508718
0.0016038645367341222
0.0015698996541412095
0.0016052619606471718
0.0015650794130045822
0.0016403421738392637
0.0017349403487927095
0.0017810564832080192
0.0017644174133546458
0.0018296453331838834
0.0017193593187785003
0.0017258451833691258
0.0017451349090012057
0.0016386456352976786
0.001764061089464001
0.0018026696082522632
0.0017520744189720118
0.0016789358728833425
0.0017271162854016462
0.00184576412792723
0.001845757038275866
0.0018533431875926009
0.0017683692496657918
0.0016207526726442114
0.001786551660336104
0.0016528395370919075
0.0017343367627905843
0.00159866102127455
0.0016010522566389078
0.0015907334349201433
0.0015915319984628647
0.0016313428250977087
0.001482026322414137
0.0013727361041242397
0.0013049337148609578
0.0013870898226563137
0.0013812108870658517
0.0013143248062419857
0.0014597222157429004
0.0015359721219922965
0.0015516073948190533
0.0015719793348949074
0.0016366850510833363
0.0017766640684626915
0.0018140386649595878
0.0018430115907940923
0.00174527489312822
0.0017230722409270472
0.0015998984721942316
0.0013989797220212974
0.0015108599404523263
0.0014907495970273206
0.0013620234911897273
0.0013135901729867648
0.0013501108844517138
0.0014984794015635635
0.001611997686123423
0.00162802152335778
0.0015723788906229757
0.0015378931949040573
0.0014755450621396521
0.0014450898249047301
0.001409942062095794
0.0014344943299248788
0.0014408771899605635
0.0015618165908025147
0.001519517629772724
0.0014772642997726746
0.0014804888994737026
0.0015114198715086842
0.0015487238047572401
0.001465432866596164
0.0017109461330697834
0.0017414773208506284
0.0015958781094748296
0.001618068567361773
0.0015587989743085682
0.001438529913985025
0.0013735576314912012
0.0014625767354407562
0.0015144180744005734
0.001462094435007776
0.0015201010870280565
0.0016786973376188038
0.001798871278392463
0.001675346953520894
0.0017323141626065996
0.0019608084133238696
0.0018070458106359912
0.0016124815335929648
0.0016981914250053963
0.0016571555248227397
0.001678737824497155
0.0017180096973759258
0.0016017270096801563
0.0015345906375276018
0.0016966562976286393
0.0015620362550458657
0.001590036788425196
0.001593873873122928
0.0016509249655418724
0.0015434589016686277
0.0016406489438641958
0.0016347003304396383
0.0016575883070242996
0.0015124223686199727
0.001576111186190391
0.0015791750370834042
0.0016451594107097537
0.0015864812895417344
0.0017986557260934242
0.0017644410203512392
0.0018549541135854301
0.0018908987795296568
0.0018312082698615127
0.0017379382061112805
0.0016004692201946394
0.0017127385430226961
0.0017711593516499095
0.0017546926507917074
0.0017073663070181308
0.0018949215722196217
0.0017485477464793623
0.0017642850169244375
0.0016676134878289646
0.0017229064683377544
0.001616710048076938
0.001583100956047823
0.001628183478767204
0.001658720534492918
0.001688124309847608
0.0016512382679784116
0.001555344979503083
0.00152149700922756
0.0016028530226071573
0.0018766059920603368
0.0017966617548436073
0.0017417793192552513
0.001749357363418491
0.0018155971122861896
0.0016248566875021026
0.0016713106523005821
0.0017311983041312404
0.0016598904440530027
0.00153296738426621
0.001518089690486524
0.00132421041450716
0.0013971517613702539
0.0013330070447192782
0.0013199716331279508
0.0013423157608399151
0.0014723467718326696
0.0013150251223827218
0.0013179679986460018
0.0013495481074704445
0.0013911256856726942
0.0012562213368691078
0.001292812118464826
0.0013128965584018946
0.0014190405357054944
0.0014341895254294866
0.0013932434313781768
0.001299443627178021
0.0014645552661809158
0.0014452794247351334
0.0015191365308064005
0.0016126452566835132
0.001682784128350412
0.001686160737285692
0.0016960697363218075
0.001750711721321599
0.001703170881629415
0.0015651341284695901
0.001485626004393513
0.001492805973712974
0.0015121283997854551
0.0015076489194319287
0.0015953791409435403
0.00164389510838185
0.001609648676619493
0.001411495619346837
0.0014982009888664528
0.001506822717111477
0.001396505202691513
0.0015095653396002473
0.0016415362463471387
0.0017404939923315501
0.0016849880363882222
0.0017082268943251846
0.0016646794313916321
0.001697599595403375
0.0016078071536678085
0.0016675893262729628
0.0016007968847023548
0.0016149349424591393
0.0016722815569934477
0.0016939630018991344
0.0016164605971532024
0.0015594095684419577
0.0015351117564248536
0.001567121182232204
0.001639984342465624
0.001762318605293593
0.0016714547938184764
0.0016877409721152475
0.001661631115407693
0.001666525125230451
0.0016699158316847789
0.0016456527716715095
0.0015112469108452698
0.0017305379026512373
0.0017705085746618345
0.001673444609874245
0.0016066959157646386
0.001697984450436667
0.0017221319592753913
0.001752125397046647
0.0018333622841168013
0.001961507404770888
0.0020171657023013924
0.0019088740688986748
0.0018634925154819163
0.00195781945256975
0.0019432345578584806
0.001954412869242008
0.001961294920700901
0.0019808371771729907
0.0018044973802966659
0.0021058665596154573
0.001986434551645296
0.0020597200652084737
0.0021620944098515956
0.002099510573832393
0.002048398340203368
0.0020806697986077566
0.002082802202126334
0.002166976377161652
0.0022806370100399796
0.00229720066111441
0.0022923596101365917
0.002325833924388207
0.0020996905709310793
0.0020393528866607135
0.0021673311095294348
0.0022093979799795898
0.0018277982240802906
0.001932705562727018
0.001910115251169236
0.002009052021474546
0.0021057111579796633
0.001878585945845842
0.0017593517514733884
0.0015866042599878899
0.001599999218573647
0.0017659157853408376
0.0016757425898530727
0.0017023575128259844
0.0017276960575264785
0.001878746900516447
0.0018807291189080612
0.001907430628574568
0.0018720844043324737
0.0017781035385472169
0.001798113601362127
0.0017221592428379533
0.0016500993712930674
