y
0.4998850438754291
0.46478574085369384
0.5021236999115556
0.4708554455468703
0.530692609291427
0.47724907491264046
0.48317240500948394
0.5000648693371851
0.5046917473664817
0.4899136333005029
0.5199993066100216
0.489753285851554
0.5077452060260722
0.4918604612800843
0.5141036036144881
0.521305931226482
0.4787528882265647
0.49869697601193536
0.5304060908012229
0.5023179364012147
0.5230253743186714
0.49388929292726724
0.4783807423381778
0.48867428204112945
0.5013329282836012
0.4730303866129778
0.4772880352878026
0.4759726760453143
0.5222031860923703
0.5060042985144474
0.5626595978717094
0.48061559445143615
0.5211876393920696
0.489087197343204
0.4770783501399153
0.47683924590962484
0.49802399008491055
0.48459428632395385
0.4644241139725101
0.5122194908771477
0.4904424772314199
0.4788793965772892
0.49943319168545364
0.5654793036046807
0.49217751440783897
0.5017793587035715
0.4830501450767495
0.489424782511725
0.5342654534846077
0.4912583847953885
0.508575799576919
0.4812821302991367
0.4751008604869642
0.5313234356370377
0.48840647807163656
0.49582871996972583
0.5038063909709877
0.4813650115756669
0.49360024707663586
0.4875132698360899
0.5231978913101325
0.513986331250074
0.4866916256913458
0.5056168854466393
0.4982830291751191
0.5211960714565211
0.463774872300327
0.45700686595926854
0.4521889692158861
0.44767479911171826
0.4335339385352784
0.4234145688513783
0.4613927677811777
0.46347855829735896
0.4755522540601227
0.4942949215641184
0.4649435805868917
0.4876987504934409
0.5144196757589578
0.5192194520508597
0.4860641364707684
0.4855220875574595
0.4733173826985961
0.46965847839994784
0.4766287173592933
0.5127024080306752
0.4344054976368696
0.44784339789287114
0.449639721276817
0.4822621259687118
0.5097540640996585
0.45114255366608735
0.48892649179825404
0.48137064278948133
0.4998549437834003
0.4549664048700093
0.4643138749074505
0.430873352661594
0.48057795554694827
0.4611859017618257
0.5080175780544383
0.46325802889531226
0.5253500268179822
0.43115727493041706
0.45517414510001886
0.5152901065360738
0.4718726131668578
0.48643332795854766
0.48929591627221325
0.4773491166734788
0.4926993706718238
0.45453806762614907
0.4624548752320951
0.4816738200724665
0.47204043103659604
0.47364595836845036
0.5303737518318649
0.48784594199421855
0.5266266833156549
0.49310324846252346
0.5140080332690741
0.5203245726309607
0.526352359592658
0.4807735720016085
0.4962951706056681
0.491649222587929
0.49145773395483633
0.4796468829181318
0.49218925458369917
0.4983360501575101
0.4815038944467455
0.4862450660637431
0.5143169686145291
0.4831192116137337
0.4773200764475085
0.48430435786755804
0.48585447499920587
0.4674996668861182
0.5030523488424529
0.43015787097409625
0.47126710698942953
0.5040330448670133
0.5095849925104519
0.5017328456876141
0.4937615895062662
0.4944431981787131
0.5173149998405888
0.5086345489250778
0.515323335995281
0.48226797846949815
0.502209866041835
0.5017097747288336
0.5155727094231349
0.4759672503720909
0.49637203920888995
0.5214846316068689
0.5207198626892583
0.5050448817766083
0.4552610263975439
0.5154464874875888
0.48257944515281925
0.48028675870153686
0.5068433577593485
0.46792254265011163
0.4654909280910754
0.4945591202566976
0.4688081690848497
0.4618676213696208
0.5308618011992984
0.5526524356603141
0.5037192525882952
0.49381659474332046
0.5021921125258424
0.4849588099957133
0.4995716000971557
0.5184238991319531
0.469176910814768
0.4506286718170935
0.4943871616107049
0.49028729753591127
0.44082958758348895
0.46576690871261134
0.41961544794442734
0.43410156809327477
0.432080682130785
0.4761743916972367
0.41649494527506686
0.4772081196656031
0.4625046746027321
0.4630527681792272
0.45278832470048297
0.4560049459146457
0.46769785462832164
0.4796156461988477
0.46728069581536663
0.43523326949993535
0.4338770666774937
0.4733042016469973
0.48003879058091087
0.48782570210966425
0.5231256570795074
0.5243172640616511
0.46314361048200337
0.4939149478669289
0.5144904768479748
0.5052915840248251
0.5001413618694501
0.4803364202959994
0.416611774129941
0.45834787262667415
0.4954874256537374
0.456307265327435
0.5034561602868894
0.46900038109702424
0.47697488908713137
0.4420409607537386
0.47203376854032686
0.46452927839724467
0.4707893592637534
0.4756280119647172
0.5195156598469843
0.5081765099111545
0.5344762191751401
0.5204929574025826
0.444262719339651
0.5116086873280132
0.5088468554563923
0.50034450296002
0.4878595022270866
0.4923796688279568
0.517447994585963
0.49958497553655695
0.46178844007522213
0.4434251662647091
0.4679100648285599
0.48529532683283527
0.48064896464615686
0.45819715755300067
0.4660016066457308
0.5039172737795213
0.5107933151207023
0.47485456709723356
0.48422408622601226
0.480305740027714
0.49529896098800713
0.5234735141679546
0.5216223991182993
0.4817690850470064
0.5072938856863738
0.518779644688181
0.48011792718626706
0.5071281755825083
0.518653717448793
0.5067531712289847
0.5167749223628203
0.49181064468644037
0.5611526836393278
0.5047510122660541
0.5386548219920068
0.5177196655888354
0.5222139742238402
0.518714071143847
0.5309982276768052
0.5099905963853765
0.5185487387753577
0.5483684791588693
0.48511133235645004
0.5277765153563089
0.5163456757251514
0.5447298416665685
0.5304163524800933
0.529056656006691
0.5536340292582584
0.5417951057850356
0.5883423895582415
0.5356977183556508
0.4909480434329188
0.5572218453830176
0.5315529808457338
0.49685254667731227
0.5231803624043304
0.5101716383124911
0.5181131722791211
0.5268801149067366
0.5281733283479029
0.49321753690820247
0.4749343474215724
0.5120915952385965
0.5389757667866318
0.47557007393010337
0.49343083100233937
0.4978931628123224
0.49449514724208493
0.5518265464398574
0.5250214501293169
0.49786586577747816
0.5168364252065237
0.5114927032060307
0.515118024982731
0.5208077834790901
