y_y
13.624471992374112
11.80229511376305
13.575541328248406
12.382832275872532
13.274341116116453
12.559085391430038
12.533609322937988
12.648798116832332
13.169320916316172
12.098340990859267
13.349610035034868
12.31246968321069
12.262280244406416
12.973320471529583
12.425132583136165
13.963069978107404
12.230323706579135
13.18568597819595
13.495506289939229
13.372401916550816
13.155053561819651
12.848328593177508
12.607489461720485
11.161101327397116
12.774648506601151
12.435127924626169
12.480764116388704
11.976358723208481
13.37848844975703
12.672239052542261
15.116116049980512
12.506429868572106
13.504763103706168
11.773617979416537
12.303130254190712
11.92448769145289
12.283984717314716
12.175531244130466
11.79496110442629
13.075900081077334
12.713338962349244
12.717896709349448
13.0726538620485
14.47999438802518
12.337184137720763
12.832811696555726
12.460856075090383
12.133013412470335
14.446596071350688
12.63163882291502
12.978116505373112
12.724012934989716
11.777921939646632
13.90533317560585
12.26068521567234
12.886412810970711
12.523513121444205
13.19158379870089
12.234922503048491
12.880023359165323
13.562678297168233
13.496343594991021
11.93135868182928
12.147545040600827
13.33517398252827
13.713870106225203
12.031537875614875
11.58101190447318
11.68209535124971
11.886174873255548
10.488044794210118
10.633173088427373
12.488549149946353
11.957516694195615
11.611784233964531
12.2372273537807
12.124160331523655
13.345950476973902
13.54022250956078
13.776424660063567
13.126083731067054
12.296267128225242
12.619165079520075
11.025392680644027
10.79096511648704
13.314108635352701
11.004994881432994
10.783421420590935
11.684805538764477
12.004194631456375
13.249728471962097
11.792788190723316
12.23685642603997
12.512250913644454
12.167088268864878
11.540421889397564
11.507398474320551
11.009429068520504
11.625755952939208
12.312248457350519
12.990826094328009
11.117202056266697
13.484350653264737
10.964308589252136
11.926299194285033
12.951591929363184
12.322696467100355
12.7409138397532
13.361978047841342
12.409210024827537
12.990950687587222
11.857593059091018
11.880347807934283
11.886906646569132
11.754244668327791
11.791000111447309
13.460595122816608
12.31458273563687
13.331646903682167
12.993877435225931
13.040283845725423
14.213431761485504
13.766131151655038
12.682183689938876
12.413200212802113
12.502115447702769
11.664233216126869
12.44251656327644
13.314849305960294
13.647149224347372
12.61071278575978
11.89008576935568
13.108698366581837
11.805847693226612
11.726657408114933
13.1544011508367
12.392556526001856
12.539758318844086
13.417012666506901
11.213164531473433
12.292625320078631
12.809519275613358
12.757749746364368
12.518305748878092
11.986981226596004
12.453357086311577
13.139167945330097
13.399472487701397
13.49240118259277
13.059736130704254
13.049357124523747
13.28936491698257
13.243656997872788
12.053405450074225
13.494371506937805
12.906306036183015
13.20417140385881
13.121926621309457
11.793114109038685
12.797563205032414
12.105843042641107
12.20756774201877
12.794239510521367
11.208950133300203
13.336214731620089
13.098313045113374
12.060362235338621
12.217088479898011
13.744144476902239
14.365526660068207
13.160055497230692
12.231310969884735
13.525298119374812
13.33147144977804
13.091049828340497
12.551787704175213
12.532093637950464
11.672581714456214
12.796653101129447
12.44429180000356
11.25876095806614
11.618486316169044
10.418697192567892
11.947583498595534
11.33561388450547
11.991199148335605
10.736331503913956
11.503542874824015
11.39782713989595
11.339272831706735
11.857992411196717
10.906736588995596
11.586296564531112
12.176279562848666
11.54127309752735
10.641721414006609
10.485415839290814
11.779202875186387
11.627066630008569
13.37592080840505
13.151488374204035
13.291868037691657
12.069152080860134
13.299631499740952
12.634509967188677
12.907873558288939
12.415334880627254
11.38815825397781
12.231565291709616
11.082878781984181
12.511679031279824
11.473750791143587
13.562763005822111
11.703919597723008
11.834913459499692
11.580675201860037
12.151742497718207
11.738292791217768
11.987815314691472
12.214838129640432
13.03205831750894
13.431143536321226
13.136229561520064
13.072300707698822
11.976388553249203
12.971360746443127
12.86076140659991
12.398126692825128
12.688342809330942
12.938021684987904
12.455827106006584
12.179876812704986
11.894515297410903
11.264788759241672
12.75034966547986
12.318812400370195
13.49063776754287
12.668550402846924
11.76622948538053
12.693249666870317
13.215715711738454
12.25478830396303
12.710796214411411
12.442464717119773
13.120357375605792
14.411879961434906
13.021788302487803
11.75357207561481
13.591580148106857
13.345737793224309
12.411158500360592
12.540239187753633
12.655616492889475
14.313474463738519
13.299581919198742
12.71899541458116
14.90737752411288
13.595845862089167
14.660077000048245
14.234505633077077
13.113432286165347
13.967771523038365
13.74628759032379
14.212724466556113
14.515996937786284
14.102615910048232
13.014440666327408
13.770947825185267
13.870004091108667
14.147456880625695
14.61177185257863
14.360899756593343
14.844395124056494
14.382001532315405
14.914404502152228
14.755752005679158
13.036063869525844
15.93006319089069
14.085520191384337
12.618180758718006
13.46506644063785
13.373158790890653
14.026406717689463
13.857516251418097
12.81169791145646
13.31916008252552
12.552430525000133
13.263179896169268
14.105816426375167
13.253253417302757
12.744718372596045
14.312999059750105
12.741066177176572
14.901515659333466
13.293912288045808
13.495057359042281
12.961442279968173
13.21863717305197
12.39383821369667
12.85621934931841
